2430368248
9791821296
8899150529
2970611480
7692165143
1477730475
0014974254
3736475090
6215595320
0308606465
6493433257
0863658032
7085551549
1989815917
3633012430
6033909241
9850979635
9155694531
7884534603
5402019314
4019229230
4079894468
6752715745
6678061072
6115840111
2404273884
1021946225
5550672594
2090430663
7344414576
3758143292
4074566851
9296927815
7891033760
1938297581
8213019970
6692408130
2993165540
9949211179
6703006942
5147964301
1162088912
1752361429
4236750961
0838908695
3994508181
4808005074
3544976765
2973278901
7014197351
0454054463
0354093671
5133450077
7573541866
1893095706
3668272351
5354508439
1009304191
3755665663
3198626089
9862619860
3640520222
6709706844
7266934958
6188924165
7897278679
0222074122
6935039533
8004433514
4362306378
6225332053
3961910851
2962177599
4005195355
7851979886
0111927173
7038573777
1889770131
3818167867
9835868247
2680822349
6031470508
3488862025
6534728297
2847121831
0457002880
5739989747
0801303110
7947263639
9632997914
5819114377
7822119037
9972130737
6592839804
9489318181
2385360072
9153489678
9248164829
9007043478
5444437319
5889479414
8501374866
6407712465
1367945701
3111971131
3861521464
8893885058
7159784592
8952628600
8047164335
6244212890
5374552015
0725067946
8505899707
4591906920
9484642196
6062048079
7994712014
9139207098
2191969240
4578717496
6835555771
1801486861
7778800506
1843081256
9138354020
5468220480
5984196284
7988354134
9875584484
3856543333
5248239470
9063195774
7567134627
1194151370
5358362018
6269622125
7554547787
7001912695
0009937475
5464943818
2394703753
8870186278
6281672094
5379707146
3107752969
8411202440
6651274801
7635102155
8946167792
4471051650
1191960930
1694631858
1340847337
6934672427
7384711231
7270470365
4998880521
8839235172
9846734098
9423137814
3165174158
7860439464
0110887162
6560471653
2422047252
6303133074
1596225833
7433791190
0011846851
8052858172
5900813686
2245183893
2949910036
0526868141
3995213894
8270550567
6341912551
7214693451
5876903119
2974709221
9932937728
3183580728
9195065297
8785996998
1949830719
8291435014
2439429259
0963320724
6926520889
0035525712
7551559179
0206221551
1122700612
8360741293
8695817029
0706130172
6227569164
9121867046
1999149806
6002071884
3487190141
8537547878
7647482668
6365735887
3589639455
9930136189
5557964041
1568395223
3707178296
5826351038
7570320381
3847856730
9949833524
7576890100
6614950235
3800402475
2744195123
0962907399
8869907900
4568009949
7144578356
4544239295
1332902264
7835281638
4032711008
1979146120
4813181098
3993697395
2527164003
2881584816
0267278879
6949183381
0316362955
9839389582
5715602761
7537667424
7434025511
7085858324
9743298675
4964246710
9423597319
0070466644
7458456915
4041083779
8664728059
8860336463
4996969487
3751980682
8665543416
8586784192
3961357768
2729123738
7242243987
8325506450
5326559575
6677778470
0892363156
7757675834
0686051776
3935748684
1793655255
2526793620
5050179664
8241325065
4526839273
6064497227
5921732610
2817703314
0982852642
4401118146
7053806931
3882976896
4418531409
0554095331
9801966007
9962072079
6449246214
6328557618
1723122994
8831573601
1839025557
9448078201
4322150820
4394561685
2310475464
9843550614
2149695925
5220635466
4174780344
5797959214
3625413298
1335823377
6170301962
9673425692
5953953621
3657663710
3461969915
9816907930
9904002812
3050746216
4538731084
1719006855
2094513042
1773068164
7060150883
0532347147
1271661913
7414324262
8975133190
2232293316
0713773328
7874814644
1003806066
8058502797
3426732906
1569872843
4806375461
3212427187
9853799150
6539033984
0216016658
6864305629
5497608200
2074561311
3532564503
7614266315
5386878824
0218740174
9221404618
4309556154
8907391628
0023094828
3022877920
1283964841
1521171385
4223025153
5576385404
8010870902
2091417575
6721013532
0235762332
1895524200
1177949052
8173710481
2786308504
0667111220
5354636755
0009591669
6581988977
8754097363
4885983184
5985842053
7871982068
0770188577
4425189686
4202451452
0667078198
9549340019
7640084523
0052934952
8351538820
4469521485
0484641247
5257935825
9664210487
4756248104
7159346397
3532103663
3812616912
1053970685
4015792803
0445194314
4300190055
4508776571
2675968440
2647118774
6916779745
1767176671
2140703088
4535014234
2388586072
7835486341
6327217110
1016927665
1055577833
9544087651
5290673847
3149057966
4554442608
6771318939
0019844601
7235136338
5393782540
0427859169
9430055043
8010888751
2155063119
3018908360
8945799562
0761864788
0293823010
2286982394
8522134476
7205095048
6356638067
0245655308
6626007199
0311388558
5787708935
3818005136
3272742873
1982316487
6512779035
5487281806
0134085260
9477842308
3944230298
6336010911
8186706154
8363555111
9478057936
6825141728
7206743154
0198629852
5574608956
8398733044
3818771106
7322298895
5831393333
8765794632
2063721474
8235532883
5731988899
0551269661
0756418865
8636685612
8380944565
6430106198
6994287645
9097695083
7806399404
4199408564
3252082819
5510494461
6883673629
6212746185
3656693876
7019496939
2237885404
9903196795
9720209413
4886424912
7563675803
8891084283
4115320414
1562430081
9991081884
0361879144
1667861351
0513953743
3349034004
9495983127
8687249928
9017648491
5049139318
0815669516
1934277404
1179020546
3631166885
7866258228
3284027136
5131922860
6889077858
9336584691
4462387688
5035495231
7926531176
0634366725
6711975639
5712081991
5124637482
6888818538
7319707747
1941307528
2254665463
6065956831
0314652979
0048954650
5301244747
3838603037
0317932179
3014502524
5369994993
1161528251
6848588880
9999635691
8319687105
5767665833
4681107861
9315061374
2579684851
0573697186
3874748593
0295569578
3309593693
3021108883
8183777772
8970127262
2913721604
6288567626
8674538259
6432996598
8030536617
3147603315
0375672493
0699851788
2308611863
8783332087
2564178680
4775295796
8177928870
7512853832
7977871415
6240520112
8383929288
4379966103
6928334057
5831827829
5577586048
2112828524
8709294615
7555130417
4700689399
4324660635
7524070413
8826738498
2046408819
1834023884
5632355348
0520866297
7943986406
6704615155
3882891388
5573714401
9302513293
7990624015
5943065885
3166312575
7350786024
6216199970
6573398664
4690208913
3929331032
5442042805
0252764499
6731019722
2211874143
3811775321
2044441263
6118336412
5352497338
1736844380
4546075344
7387261441
7878426496
7063415488
3810587411
9348492548
7221535872
2219116100
5674338037
2373109192
8426189964
7127504752
1092372674
3319083586
3169598392
8101015882
3852620019
6238898885
1566758982
7226263846
1833500576
1149304061
3141554884
5887680964
6612574897
6626539167
3713195132
2611208470
9108771650
5616765346
1921026383
6334259419
8801794774
3160282214
4286325502
2183343065
1407677922
0407771242
7824065834
3363839825
8236964041
6546476626
3387327766
1886363658
0589767318
3567798849
1917441427
2536461674
4255829987
8605490452
0485570740
9447101680
8811661979
5173942550
8624732138
5462201375
5405248072
8595997168
3221175762
3354498798
9816768457
4011534662
5364733304
8523567251
6617374936
2585024396
9319678247
1804080688
3255669432
3473049107
9198214145
4473198972
4953705539
1678414758
4864639838
7677840053
3890341920
3048620674
1520424770
1543702317
9978166843
2540097359
1251792456
0507397049
6924221544
1834145794
2034361927
5828267115
1811856998
3304342717
4277891887
8706644831
3605522608
5334342436
5097034903
2936542254
5824191266
3258096788
9203393601
1706310659
5240894844
2003545223
8221978855
6465111288
0564436921
4997221089
5253668213
8881143049
0188646402
8479889977
8090843571
1605969860
8358907321
8036007703
1320874516
3987535359
3002224905
2725101579
0305758856
0968839940
4815362082
0467108567
4452721575
3491496058
1170299520
9139218391
3904263671
0843475776
7846423336
0874968029
8701082856
6416302815
0881385070
2064032225
7034717683
0252556289
4895665654
8265127407
8440531816
3839923226
2824108621
9494670030
8967805763
7047722961
9104425733
8727693022
1901071959
6422981670
0917194226
4699901385
6462053715
1130441397
4439010062
6170783738
2061333462
2645738619
7943241870
4877876196
9817342824
5840546697
4119632621
9114965490
1449991056
7279395409
0152881524
0174606067
6525243224
2964019477
1093128141
3754870178
6755320661
4188642031
1350447177
0701235404
3393096392
8625319706
0835374871
1602663743
2407731357
3381181798
6798179232
3805873085
5174846477
0740890100
4287412966
7274483492
9526371415
4441066425
0619979516
8212403294
5228388577
8663127898
6533732182
4571416478
2733827679
2656504158
1003841381
6330303031
7517722460
8413423183
5226866074
5691712959
9918118638
5749070275
5752332129
3516582511
0804671175
7772532723
9141997811
2220482972
2025677683
6927058980
9081176669
0254773549
3876315623
3253488261
7412199096
7514677337
8508316959
5422301468
3625785087
0621852564
6387173559
9206987920
1910493836
8521155140
3328065743
5080378027
6506351073
6821289354
3463413308
1583685095
7105429520
6609358204
1948769445
9721293140
2890488375
1853859744
9008270637
6499808106
3032122143
1191612159
2225924020
7511626392
5084080833
3220692636
8663280099
8971585930
5735242452
8719484233
6131600131
7677153361
3920640405
9830469739
6965443264
9921465928
5645916697
3536439711
1218383053
1382555060
9604593419
3669418419
0960878363
3485163498
8238065440
2751138327
0142498549
5943001238
4822435890
6581960121
2013590925
8817520318
7132550050
1182004818
9461338504
6759230738
4211541005
9859300914
9809639603
3500184442
6209148768
0654441856
2473739893
1888735647
4267869501
3746138218
5452061702
6276415785
5016074500
6110588076
3648259192
0042208901
2685035057
8782990162
9319438369
3835463247
6653523471
4753613838
2944166930
1387780875
8001294339
3084891361
9782841965
1961072628
0823987213
7977204484
9207841893
2681397906
8070171253
3826403352
5010686143
1140492350
3985226769
9506409810
4016165049
4196651498
5044585222
5058334189
4273512992
1056487072
1196402003
2382128540
6348868742
1588801043
0934679362
7275873710
2381588359
3514184530
4443388748
5391612941
7515219174
7172204100
7915937737
0048187437
8044150349
3376655935
0951684624
2736695612
7871640930
0956541061
0340526523
5339770005
9515126838
9491830072
5780310019
9659458999
4008534107
2644264892
8409773676
8733879493
8720811949
7892354974
5069185310
6421989864
9514737375
7208320590
1710452056
6726443472
4757339018
1494084290
4450112532
9325576463
0356989557
1853088178
9619959686
3735788779
6283624950
8951693007
0236866229
4699888657
1952454852
3502403494
6549376794
7175012814
9217914327
9283011070
6346356562
3306936774
5278247258
6957524565
0169882148
5940364986
7929719719
6227524819
2218398709
4818462979
5582581443
4915808223
8753600202
2840615452
6745141809
9896240474
3502871997
7403681854
1304176783
2946885435
4774959821
2035297220
4344433683
7138107343
1039018656
7600316186
2000094610
8424813332
8212423521
2679336776
8389773923
3777622752
3172443527
5277358333
4979261512
8884080874
7056143300
1601198772
1188302992
9582780405
7806068319
6110251038
0222827948
5784310544
6460966583
3656755005
0966006848
9926296031
7262705108
7676703111
2232084904
1083956885
1847082254
6781919881
6890893613
1032269330
8955062477
3528938977
5722117936
4599071084
4734056743
2430368248
9791821296
8899150529
2970611480
7692165143
1477730475
0014974254
3736475090
6215595320
0308606465
6493433257
0863658032
7085551549
1989815917
3633012430
6033909241
9850979635
9155694531
7884534603
5402019314
4019229230
4079894468
6752715745
6678061072
6115840111
2404273884
1021946225
5550672594
2090430663
7344414576
3758143292
4074566851
9296927815
7891033760
1938297581
8213019970
6692408130
2993165540
9949211179
6703006942
5147964301
1162088912
1752361429
4236750961
0838908695
3994508181
4808005074
3544976765
2973278901
7014197351
0454054463
0354093671
5133450077
7573541866
1893095706
3668272351
5354508439
1009304191
3755665663
3198626089
9862619860
3640520222
6709706844
7266934958
6188924165
7897278679
0222074122
6935039533
8004433514
4362306378
6225332053
3961910851
2962177599
4005195355
7851979886
0111927173
7038573777
1889770131
3818167867
9835868247
2680822349
6031470508
3488862025
6534728297
2847121831
0457002880
5739989747
0801303110
7947263639
9632997914
5819114377
7822119037
9972130737
6592839804
9489318181
2385360072
9153489678
9248164829
9007043478
5444437319
5889479414
8501374866
6407712465
1367945701
3111971131
3861521464
8893885058
7159784592
8952628600
8047164335
6244212890
5374552015
0725067946
8505899707
4591906920
9484642196
6062048079
7994712014
9139207098
2191969240
4578717496
6835555771
1801486861
7778800506
1843081256
9138354020
5468220480
5984196284
7988354134
9875584484
3856543333
5248239470
9063195774
7567134627
1194151370
5358362018
6269622125
7554547787
7001912695
0009937475
5464943818
2394703753
8870186278
6281672094
5379707146
3107752969
8411202440
6651274801
7635102155
8946167792
4471051650
1191960930
1694631858
1340847337
6934672427
7384711231
7270470365
4998880521
8839235172
9846734098
9423137814
3165174158
7860439464
0110887162
6560471653
2422047252
6303133074
1596225833
7433791190
0011846851
8052858172
5900813686
2245183893
2949910036
0526868141
3995213894
8270550567
6341912551
7214693451
5876903119
2974709221
9932937728
3183580728
9195065297
8785996998
1949830719
8291435014
2439429259
0963320724
6926520889
0035525712
7551559179
0206221551
1122700612
8360741293
8695817029
0706130172
6227569164
9121867046
1999149806
6002071884
3487190141
8537547878
7647482668
6365735887
3589639455
9930136189
5557964041
1568395223
3707178296
5826351038
7570320381
3847856730
9949833524
7576890100
6614950235
3800402475
2744195123
0962907399
8869907900
4568009949
7144578356
4544239295
1332902264
7835281638
4032711008
1979146120
4813181098
3993697395
2527164003
2881584816
0267278879
6949183381
0316362955
9839389582
5715602761
7537667424
7434025511
7085858324
9743298675
4964246710
9423597319
0070466644
7458456915
4041083779
8664728059
8860336463
4996969487
3751980682
8665543416
8586784192
3961357768
2729123738
7242243987
8325506450
5326559575
6677778470
0892363156
7757675834
0686051776
3935748684
1793655255
2526793620
5050179664
8241325065
4526839273
6064497227
5921732610
2817703314
0982852642
4401118146
7053806931
3882976896
4418531409
0554095331
9801966007
9962072079
6449246214
6328557618
1723122994
8831573601
1839025557
9448078201
4322150820
4394561685
2310475464
9843550614
2149695925
5220635466
4174780344
5797959214
3625413298
1335823377
6170301962
9673425692
5953953621
3657663710
3461969915
9816907930
9904002812
3050746216
4538731084
1719006855
2094513042
1773068164
7060150883
0532347147
1271661913
7414324262
8975133190
2232293316
0713773328
7874814644
1003806066
8058502797
3426732906
1569872843
4806375461
3212427187
9853799150
6539033984
0216016658
6864305629
5497608200
2074561311
3532564503
7614266315
5386878824
0218740174
9221404618
4309556154
8907391628
0023094828
3022877920
1283964841
1521171385
4223025153
5576385404
8010870902
2091417575
6721013532
0235762332
1895524200
1177949052
8173710481
2786308504
0667111220
5354636755
0009591669
6581988977
8754097363
4885983184
5985842053
7871982068
0770188577
4425189686
4202451452
0667078198
9549340019
7640084523
0052934952
8351538820
4469521485
0484641247
5257935825
9664210487
4756248104
7159346397
3532103663
3812616912
1053970685
4015792803
0445194314
4300190055
4508776571
2675968440
2647118774
6916779745
1767176671
2140703088
4535014234
2388586072
7835486341
6327217110
1016927665
1055577833
9544087651
5290673847
3149057966
4554442608
6771318939
0019844601
7235136338
5393782540
0427859169
9430055043
8010888751
2155063119
3018908360
8945799562
0761864788
0293823010
2286982394
8522134476
7205095048
6356638067
0245655308
6626007199
0311388558
5787708935
3818005136
3272742873
1982316487
6512779035
5487281806
0134085260
9477842308
3944230298
6336010911
8186706154
8363555111
9478057936
6825141728
7206743154
0198629852
5574608956
8398733044
3818771106
7322298895
5831393333
8765794632
2063721474
8235532883
5731988899
0551269661
0756418865
8636685612
8380944565
6430106198
6994287645
9097695083
7806399404
4199408564
3252082819
5510494461
6883673629
6212746185
3656693876
7019496939
2237885404
9903196795
9720209413
4886424912
7563675803
8891084283
4115320414
1562430081
9991081884
0361879144
1667861351
0513953743
3349034004
9495983127
8687249928
9017648491
5049139318
0815669516
1934277404
1179020546
3631166885
7866258228
3284027136
5131922860
6889077858
9336584691
4462387688
5035495231
7926531176
0634366725
6711975639
5712081991
5124637482
6888818538
7319707747
1941307528
2254665463
6065956831
0314652979
0048954650
5301244747
3838603037
0317932179
3014502524
5369994993
1161528251
6848588880
9999635691
8319687105
5767665833
4681107861
9315061374
2579684851
0573697186
3874748593
0295569578
3309593693
3021108883
8183777772
8970127262
2913721604
6288567626
8674538259
6432996598
8030536617
3147603315
0375672493
0699851788
2308611863
8783332087
2564178680
4775295796
8177928870
7512853832
7977871415
6240520112
8383929288
4379966103
6928334057
5831827829
5577586048
2112828524
8709294615
7555130417
4700689399
4324660635
7524070413
8826738498
2046408819
1834023884
5632355348
0520866297
7943986406
6704615155
3882891388
5573714401
9302513293
7990624015
5943065885
3166312575
7350786024
6216199970
6573398664
4690208913
3929331032
5442042805
0252764499
6731019722
2211874143
3811775321
2044441263
6118336412
5352497338
1736844380
4546075344
7387261441
7878426496
7063415488
3810587411
9348492548
7221535872
2219116100
5674338037
2373109192
8426189964
7127504752
1092372674
3319083586
3169598392
8101015882
3852620019
6238898885
1566758982
7226263846
1833500576
1149304061
3141554884
5887680964
6612574897
6626539167
3713195132
2611208470
9108771650
5616765346
1921026383
6334259419
8801794774
3160282214
4286325502
2183343065
1407677922
0407771242
7824065834
3363839825
8236964041
6546476626
3387327766
1886363658
0589767318
3567798849
1917441427
2536461674
4255829987
8605490452
0485570740
9447101680
8811661979
5173942550
8624732138
5462201375
5405248072
8595997168
3221175762
3354498798
9816768457
4011534662
5364733304
8523567251
6617374936
2585024396
9319678247
1804080688
3255669432
3473049107
9198214145
4473198972
4953705539
1678414758
4864639838
7677840053
3890341920
3048620674
1520424770
1543702317
9978166843
2540097359
1251792456
0507397049
6924221544
1834145794
2034361927
5828267115
1811856998
3304342717
4277891887
8706644831
3605522608
5334342436
5097034903
2936542254
5824191266
3258096788
9203393601
1706310659
5240894844
2003545223
8221978855
6465111288
0564436921
4997221089
5253668213
8881143049
0188646402
8479889977
8090843571
1605969860
8358907321
8036007703
1320874516
3987535359
3002224905
2725101579
0305758856
0968839940
4815362082
0467108567
4452721575
3491496058
1170299520
9139218391
3904263671
0843475776
7846423336
0874968029
8701082856
6416302815
0881385070
2064032225
7034717683
0252556289
4895665654
8265127407
8440531816
3839923226
2824108621
9494670030
8967805763
7047722961
9104425733
8727693022
1901071959
6422981670
0917194226
4699901385
6462053715
1130441397
4439010062
6170783738
2061333462
2645738619
7943241870
4877876196
9817342824
5840546697
4119632621
9114965490
1449991056
7279395409
0152881524
0174606067
6525243224
2964019477
1093128141
3754870178
6755320661
4188642031
1350447177
0701235404
3393096392
8625319706
0835374871
1602663743
2407731357
3381181798
6798179232
3805873085
5174846477
0740890100
4287412966
7274483492
9526371415
4441066425
0619979516
8212403294
5228388577
8663127898
6533732182
4571416478
2733827679
2656504158
1003841381
6330303031
7517722460
8413423183
5226866074
5691712959
9918118638
5749070275
5752332129
3516582511
0804671175
7772532723
9141997811
2220482972
2025677683
6927058980
9081176669
0254773549
3876315623
3253488261
7412199096
7514677337
8508316959
5422301468
3625785087
0621852564
6387173559
9206987920
1910493836
8521155140
3328065743
5080378027
6506351073
6821289354
3463413308
1583685095
7105429520
6609358204
1948769445
9721293140
2890488375
1853859744
9008270637
6499808106
3032122143
1191612159
2225924020
7511626392
5084080833
3220692636
8663280099
8971585930
5735242452
8719484233
6131600131
7677153361
3920640405
9830469739
6965443264
9921465928
5645916697
3536439711
1218383053
1382555060
9604593419
3669418419
0960878363
3485163498
8238065440
2751138327
0142498549
5943001238
4822435890
6581960121
2013590925
8817520318
7132550050
1182004818
9461338504
6759230738
4211541005
9859300914
9809639603
3500184442
6209148768
0654441856
2473739893
1888735647
4267869501
3746138218
5452061702
6276415785
5016074500
6110588076
3648259192
0042208901
2685035057
8782990162
9319438369
3835463247
6653523471
4753613838
2944166930
1387780875
8001294339
3084891361
9782841965
1961072628
0823987213
7977204484
9207841893
2681397906
8070171253
3826403352
5010686143
1140492350
3985226769
9506409810
4016165049
4196651498
5044585222
5058334189
4273512992
1056487072
1196402003
2382128540
6348868742
1588801043
0934679362
7275873710
2381588359
3514184530
4443388748
5391612941
7515219174
7172204100
7915937737
0048187437
8044150349
3376655935
0951684624
2736695612
7871640930
0956541061
0340526523
5339770005
9515126838
9491830072
5780310019
9659458999
4008534107
2644264892
8409773676
8733879493
8720811949
7892354974
5069185310
6421989864
9514737375
7208320590
1710452056
6726443472
4757339018
1494084290
4450112532
9325576463
0356989557
1853088178
9619959686
3735788779
6283624950
8951693007
0236866229
4699888657
1952454852
3502403494
6549376794
7175012814
9217914327
9283011070
6346356562
3306936774
5278247258
6957524565
0169882148
5940364986
7929719719
6227524819
2218398709
4818462979
5582581443
4915808223
8753600202
2840615452
6745141809
9896240474
3502871997
7403681854
1304176783
2946885435
4774959821
2035297220
4344433683
7138107343
1039018656
7600316186
2000094610
8424813332
8212423521
2679336776
8389773923
3777622752
3172443527
5277358333
4979261512
8884080874
7056143300
1601198772
1188302992
9582780405
7806068319
6110251038
0222827948
5784310544
6460966583
3656755005
0966006848
9926296031
7262705108
7676703111
2232084904
1083956885
1847082254
6781919881
6890893613
1032269330
8955062477
3528938977
5722117936
4599071084
4734056743
2430368248
9791821296
8899150529
2970611480
7692165143
1477730475
0014974254
3736475090
6215595320
0308606465
6493433257
0863658032
7085551549
1989815917
3633012430
6033909241
9850979635
9155694531
7884534603
5402019314
4019229230
4079894468
6752715745
6678061072
6115840111
2404273884
1021946225
5550672594
2090430663
7344414576
3758143292
4074566851
9296927815
7891033760
1938297581
8213019970
6692408130
2993165540
9949211179
6703006942
5147964301
1162088912
1752361429
4236750961
0838908695
3994508181
4808005074
3544976765
2973278901
7014197351
0454054463
0354093671
5133450077
7573541866
1893095706
3668272351
5354508439
1009304191
3755665663
3198626089
9862619860
3640520222
6709706844
7266934958
6188924165
7897278679
0222074122
6935039533
8004433514
4362306378
6225332053
3961910851
2962177599
4005195355
7851979886
0111927173
7038573777
1889770131
3818167867
9835868247
2680822349
6031470508
3488862025
6534728297
2847121831
0457002880
5739989747
0801303110
7947263639
9632997914
5819114377
7822119037
9972130737
6592839804
9489318181
2385360072
9153489678
9248164829
9007043478
5444437319
5889479414
8501374866
6407712465
1367945701
3111971131
3861521464
8893885058
7159784592
8952628600
8047164335
6244212890
5374552015
0725067946
8505899707
4591906920
9484642196
6062048079
7994712014
9139207098
2191969240
4578717496
6835555771
1801486861
7778800506
1843081256
9138354020
5468220480
5984196284
7988354134
9875584484
3856543333
5248239470
9063195774
7567134627
1194151370
5358362018
6269622125
7554547787
7001912695
0009937475
5464943818
2394703753
8870186278
6281672094
5379707146
3107752969
8411202440
6651274801
7635102155
8946167792
4471051650
1191960930
1694631858
1340847337
6934672427
7384711231
7270470365
4998880521
8839235172
9846734098
9423137814
3165174158
7860439464
0110887162
6560471653
2422047252
6303133074
1596225833
7433791190
0011846851
8052858172
5900813686
2245183893
2949910036
0526868141
3995213894
8270550567
6341912551
7214693451
5876903119
2974709221
9932937728
3183580728
9195065297
8785996998
1949830719
8291435014
2439429259
0963320724
6926520889
0035525712
7551559179
0206221551
1122700612
8360741293
8695817029
0706130172
6227569164
9121867046
1999149806
6002071884
3487190141
8537547878
7647482668
6365735887
3589639455
9930136189
5557964041
1568395223
3707178296
5826351038
7570320381
3847856730
9949833524
7576890100
6614950235
3800402475
2744195123
0962907399
8869907900
4568009949
7144578356
4544239295
1332902264
7835281638
4032711008
1979146120
4813181098
3993697395
2527164003
2881584816
0267278879
6949183381
0316362955
9839389582
5715602761
7537667424
7434025511
7085858324
9743298675
4964246710
9423597319
0070466644
7458456915
4041083779
8664728059
8860336463
4996969487
3751980682
8665543416
8586784192
3961357768
2729123738
7242243987
8325506450
5326559575
6677778470
0892363156
7757675834
0686051776
3935748684
1793655255
2526793620
5050179664
8241325065
4526839273
6064497227
5921732610
2817703314
0982852642
4401118146
7053806931
3882976896
4418531409
0554095331
9801966007
9962072079
6449246214
6328557618
1723122994
8831573601
1839025557
9448078201
4322150820
4394561685
2310475464
9843550614
2149695925
5220635466
4174780344
5797959214
3625413298
1335823377
6170301962
9673425692
5953953621
3657663710
3461969915
9816907930
9904002812
3050746216
4538731084
1719006855
2094513042
1773068164
7060150883
0532347147
1271661913
7414324262
8975133190
2232293316
0713773328
7874814644
1003806066
8058502797
3426732906
1569872843
4806375461
3212427187
9853799150
6539033984
0216016658
6864305629
5497608200
2074561311
3532564503
7614266315
5386878824
0218740174
9221404618
4309556154
8907391628
0023094828
3022877920
1283964841
1521171385
4223025153
5576385404
8010870902
2091417575
6721013532
0235762332
1895524200
1177949052
8173710481
2786308504
0667111220
5354636755
0009591669
6581988977
8754097363
4885983184
5985842053
7871982068
0770188577
4425189686
4202451452
0667078198
9549340019
7640084523
0052934952
8351538820
4469521485
0484641247
5257935825
9664210487
4756248104
7159346397
3532103663
3812616912
1053970685
4015792803
0445194314
4300190055
4508776571
2675968440
2647118774
6916779745
1767176671
2140703088
4535014234
2388586072
7835486341
6327217110
1016927665
1055577833
9544087651
5290673847
3149057966
4554442608
6771318939
0019844601
7235136338
5393782540
0427859169
9430055043
8010888751
2155063119
3018908360
8945799562
0761864788
0293823010
2286982394
8522134476
7205095048
6356638067
0245655308
6626007199
0311388558
5787708935
3818005136
3272742873
1982316487
6512779035
5487281806
0134085260
9477842308
3944230298
6336010911
8186706154
8363555111
9478057936
6825141728
7206743154
0198629852
5574608956
8398733044
3818771106
7322298895
5831393333
8765794632
2063721474
8235532883
5731988899
0551269661
0756418865
8636685612
8380944565
6430106198
6994287645
9097695083
7806399404
4199408564
3252082819
5510494461
6883673629
6212746185
3656693876
7019496939
2237885404
9903196795
9720209413
4886424912
7563675803
8891084283
4115320414
1562430081
9991081884
0361879144
1667861351
0513953743
3349034004
9495983127
8687249928
9017648491
5049139318
0815669516
1934277404
1179020546
3631166885
7866258228
3284027136
5131922860
6889077858
9336584691
4462387688
5035495231
7926531176
0634366725
6711975639
5712081991
5124637482
6888818538
7319707747
1941307528
2254665463
6065956831
0314652979
0048954650
5301244747
3838603037
0317932179
3014502524
5369994993
1161528251
6848588880
9999635691
8319687105
5767665833
4681107861
9315061374
2579684851
0573697186
3874748593
0295569578
3309593693
3021108883
8183777772
8970127262
2913721604
6288567626
8674538259
6432996598
8030536617
3147603315
0375672493
0699851788
2308611863
8783332087
2564178680
4775295796
8177928870
7512853832
7977871415
6240520112
8383929288
4379966103
6928334057
5831827829
5577586048
2112828524
8709294615
7555130417
4700689399
4324660635
7524070413
8826738498
2046408819
1834023884
5632355348
0520866297
7943986406
6704615155
3882891388
5573714401
9302513293
7990624015
5943065885
3166312575
7350786024
6216199970
6573398664
4690208913
3929331032
5442042805
0252764499
6731019722
2211874143
3811775321
2044441263
6118336412
5352497338
1736844380
4546075344
7387261441
7878426496
7063415488
3810587411
9348492548
7221535872
2219116100
5674338037
2373109192
8426189964
7127504752
1092372674
3319083586
3169598392
8101015882
3852620019
6238898885
1566758982
7226263846
1833500576
1149304061
3141554884
5887680964
6612574897
6626539167
3713195132
2611208470
9108771650
5616765346
1921026383
6334259419
8801794774
3160282214
4286325502
2183343065
1407677922
0407771242
7824065834
3363839825
8236964041
6546476626
3387327766
1886363658
0589767318
3567798849
1917441427
2536461674
4255829987
8605490452
0485570740
9447101680
8811661979
5173942550
8624732138
5462201375
5405248072
8595997168
3221175762
3354498798
9816768457
4011534662
5364733304
8523567251
6617374936
2585024396
9319678247
1804080688
3255669432
3473049107
9198214145
4473198972
4953705539
1678414758
4864639838
7677840053
3890341920
3048620674
1520424770
1543702317
9978166843
2540097359
1251792456
0507397049
6924221544
1834145794
2034361927
5828267115
1811856998
3304342717
4277891887
8706644831
3605522608
5334342436
5097034903
2936542254
5824191266
3258096788
9203393601
1706310659
5240894844
2003545223
8221978855
6465111288
0564436921
4997221089
5253668213
8881143049
0188646402
8479889977
8090843571
1605969860
8358907321
8036007703
1320874516
3987535359
3002224905
2725101579
0305758856
0968839940
4815362082
0467108567
4452721575
3491496058
1170299520
9139218391
3904263671
0843475776
7846423336
0874968029
8701082856
6416302815
0881385070
2064032225
7034717683
0252556289
4895665654
8265127407
8440531816
3839923226
2824108621
9494670030
8967805763
7047722961
9104425733
8727693022
1901071959
6422981670
0917194226
4699901385
6462053715
1130441397
4439010062
6170783738
2061333462
2645738619
7943241870
4877876196
9817342824
5840546697
4119632621
9114965490
1449991056
7279395409
0152881524
0174606067
6525243224
2964019477
1093128141
3754870178
6755320661
4188642031
1350447177
0701235404
3393096392
8625319706
0835374871
1602663743
2407731357
3381181798
6798179232
3805873085
5174846477
0740890100
4287412966
7274483492
9526371415
4441066425
0619979516
8212403294
5228388577
8663127898
6533732182
4571416478
2733827679
2656504158
1003841381
6330303031
7517722460
8413423183
5226866074
5691712959
9918118638
5749070275
5752332129
3516582511
0804671175
7772532723
9141997811
2220482972
2025677683
6927058980
9081176669
0254773549
3876315623
3253488261
7412199096
7514677337
8508316959
5422301468
3625785087
0621852564
6387173559
9206987920
1910493836
8521155140
3328065743
5080378027
6506351073
6821289354
3463413308
1583685095
7105429520
6609358204
1948769445
9721293140
2890488375
1853859744
9008270637
6499808106
3032122143
1191612159
2225924020
7511626392
5084080833
3220692636
8663280099
8971585930
5735242452
8719484233
6131600131
7677153361
3920640405
9830469739
6965443264
9921465928
5645916697
3536439711
1218383053
1382555060
9604593419
3669418419
0960878363
3485163498
8238065440
2751138327
0142498549
5943001238
4822435890
6581960121
2013590925
8817520318
7132550050
1182004818
9461338504
6759230738
4211541005
9859300914
9809639603
3500184442
6209148768
0654441856
2473739893
1888735647
4267869501
3746138218
5452061702
6276415785
5016074500
6110588076
3648259192
0042208901
2685035057
8782990162
9319438369
3835463247
6653523471
4753613838
2944166930
1387780875
8001294339
3084891361
9782841965
1961072628
0823987213
7977204484
9207841893
2681397906
8070171253
3826403352
5010686143
1140492350
3985226769
9506409810
4016165049
4196651498
5044585222
5058334189
4273512992
1056487072
1196402003
2382128540
6348868742
1588801043
0934679362
7275873710
2381588359
3514184530
4443388748
5391612941
7515219174
7172204100
7915937737
0048187437
8044150349
3376655935
0951684624
2736695612
7871640930
0956541061
0340526523
5339770005
9515126838
9491830072
5780310019
9659458999
4008534107
2644264892
8409773676
8733879493
8720811949
7892354974
5069185310
6421989864
9514737375
7208320590
1710452056
6726443472
4757339018
1494084290
4450112532
9325576463
0356989557
1853088178
9619959686
3735788779
6283624950
8951693007
0236866229
4699888657
1952454852
3502403494
6549376794
7175012814
9217914327
9283011070
6346356562
3306936774
5278247258
6957524565
0169882148
5940364986
7929719719
6227524819
2218398709
4818462979
5582581443
4915808223
8753600202
2840615452
6745141809
9896240474
3502871997
7403681854
1304176783
2946885435
4774959821
2035297220
4344433683
7138107343
1039018656
7600316186
2000094610
8424813332
8212423521
2679336776
8389773923
3777622752
3172443527
5277358333
4979261512
8884080874
7056143300
1601198772
1188302992
9582780405
7806068319
6110251038
0222827948
5784310544
6460966583
3656755005
0966006848
9926296031
7262705108
7676703111
2232084904
1083956885
1847082254
6781919881
6890893613
1032269330
8955062477
3528938977
5722117936
4599071084
4734056743
2430368248
9791821296
8899150529
2970611480
7692165143
1477730475
0014974254
3736475090
6215595320
0308606465
6493433257
0863658032
7085551549
1989815917
3633012430
6033909241
9850979635
9155694531
7884534603
5402019314
4019229230
4079894468
6752715745
6678061072
6115840111
2404273884
1021946225
5550672594
2090430663
7344414576
3758143292
4074566851
9296927815
7891033760
1938297581
8213019970
6692408130
2993165540
9949211179
6703006942
5147964301
1162088912
1752361429
4236750961
0838908695
3994508181
4808005074
3544976765
2973278901
7014197351
0454054463
0354093671
5133450077
7573541866
1893095706
3668272351
5354508439
1009304191
3755665663
3198626089
9862619860
3640520222
6709706844
7266934958
6188924165
7897278679
0222074122
6935039533
8004433514
4362306378
6225332053
3961910851
2962177599
4005195355
7851979886
0111927173
7038573777
1889770131
3818167867
9835868247
2680822349
6031470508
3488862025
6534728297
2847121831
0457002880
5739989747
0801303110
7947263639
9632997914
5819114377
7822119037
9972130737
6592839804
9489318181
2385360072
9153489678
9248164829
9007043478
5444437319
5889479414
8501374866
6407712465
1367945701
3111971131
3861521464
8893885058
7159784592
8952628600
8047164335
6244212890
5374552015
0725067946
8505899707
4591906920
9484642196
6062048079
7994712014
9139207098
2191969240
4578717496
6835555771
1801486861
7778800506
1843081256
9138354020
5468220480
5984196284
7988354134
9875584484
3856543333
5248239470
9063195774
7567134627
1194151370
5358362018
6269622125
7554547787
7001912695
0009937475
5464943818
2394703753
8870186278
6281672094
5379707146
3107752969
8411202440
6651274801
7635102155
8946167792
4471051650
1191960930
1694631858
1340847337
6934672427
7384711231
7270470365
4998880521
8839235172
9846734098
9423137814
3165174158
7860439464
0110887162
6560471653
2422047252
6303133074
1596225833
7433791190
0011846851
8052858172
5900813686
2245183893
2949910036
0526868141
3995213894
8270550567
6341912551
7214693451
5876903119
2974709221
9932937728
3183580728
9195065297
8785996998
1949830719
8291435014
2439429259
0963320724
6926520889
0035525712
7551559179
0206221551
1122700612
8360741293
8695817029
0706130172
6227569164
9121867046
1999149806
6002071884
3487190141
8537547878
7647482668
6365735887
3589639455
9930136189
5557964041
1568395223
3707178296
5826351038
7570320381
3847856730
9949833524
7576890100
6614950235
3800402475
2744195123
0962907399
8869907900
4568009949
7144578356
4544239295
1332902264
7835281638
4032711008
1979146120
4813181098
3993697395
2527164003
2881584816
0267278879
6949183381
0316362955
9839389582
5715602761
7537667424
7434025511
7085858324
9743298675
4964246710
9423597319
0070466644
7458456915
4041083779
8664728059
8860336463
4996969487
3751980682
8665543416
8586784192
3961357768
2729123738
7242243987
8325506450
5326559575
6677778470
0892363156
7757675834
0686051776
3935748684
1793655255
2526793620
5050179664
8241325065
4526839273
6064497227
5921732610
2817703314
0982852642
4401118146
7053806931
3882976896
4418531409
0554095331
9801966007
9962072079
6449246214
6328557618
1723122994
8831573601
1839025557
9448078201
4322150820
4394561685
2310475464
9843550614
2149695925
5220635466
4174780344
5797959214
3625413298
1335823377
6170301962
9673425692
5953953621
3657663710
3461969915
9816907930
9904002812
3050746216
4538731084
1719006855
2094513042
1773068164
7060150883
0532347147
1271661913
7414324262
8975133190
2232293316
0713773328
7874814644
1003806066
8058502797
3426732906
1569872843
4806375461
3212427187
9853799150
6539033984
0216016658
6864305629
5497608200
2074561311
3532564503
7614266315
5386878824
0218740174
9221404618
4309556154
8907391628
0023094828
3022877920
1283964841
1521171385
4223025153
5576385404
8010870902
2091417575
6721013532
0235762332
1895524200
1177949052
8173710481
2786308504
0667111220
5354636755
0009591669
6581988977
8754097363
4885983184
5985842053
7871982068
0770188577
4425189686
4202451452
0667078198
9549340019
7640084523
0052934952
8351538820
4469521485
0484641247
5257935825
9664210487
4756248104
7159346397
3532103663
3812616912
1053970685
4015792803
0445194314
4300190055
4508776571
2675968440
2647118774
6916779745
1767176671
2140703088
4535014234
2388586072
7835486341
6327217110
1016927665
1055577833
9544087651
5290673847
3149057966
4554442608
6771318939
0019844601
7235136338
5393782540
0427859169
9430055043
8010888751
2155063119
3018908360
8945799562
0761864788
0293823010
2286982394
8522134476
7205095048
6356638067
0245655308
6626007199
0311388558
5787708935
3818005136
3272742873
1982316487
6512779035
5487281806
0134085260
9477842308
3944230298
6336010911
8186706154
8363555111
9478057936
6825141728
7206743154
0198629852
5574608956
8398733044
3818771106
7322298895
5831393333
8765794632
2063721474
8235532883
5731988899
0551269661
0756418865
8636685612
8380944565
6430106198
6994287645
9097695083
7806399404
4199408564
3252082819
5510494461
6883673629
6212746185
3656693876
7019496939
2237885404
9903196795
9720209413
4886424912
7563675803
8891084283
4115320414
1562430081
9991081884
0361879144
1667861351
0513953743
3349034004
9495983127
8687249928
9017648491
5049139318
0815669516
1934277404
1179020546
3631166885
7866258228
3284027136
5131922860
6889077858
9336584691
4462387688
5035495231
7926531176
0634366725
6711975639
5712081991
5124637482
6888818538
7319707747
1941307528
2254665463
6065956831
0314652979
0048954650
5301244747
3838603037
0317932179
3014502524
5369994993
1161528251
6848588880
9999635691
8319687105
5767665833
4681107861
9315061374
2579684851
0573697186
3874748593
0295569578
3309593693
3021108883
8183777772
8970127262
2913721604
6288567626
8674538259
6432996598
8030536617
3147603315
0375672493
0699851788
2308611863
8783332087
2564178680
4775295796
8177928870
7512853832
7977871415
6240520112
8383929288
4379966103
6928334057
5831827829
5577586048
2112828524
8709294615
7555130417
4700689399
4324660635
7524070413
8826738498
2046408819
1834023884
5632355348
0520866297
7943986406
6704615155
3882891388
5573714401
9302513293
7990624015
5943065885
3166312575
7350786024
6216199970
6573398664
4690208913
3929331032
5442042805
0252764499
6731019722
2211874143
3811775321
2044441263
6118336412
5352497338
1736844380
4546075344
7387261441
7878426496
7063415488
3810587411
9348492548
7221535872
2219116100
5674338037
2373109192
8426189964
7127504752
1092372674
3319083586
3169598392
8101015882
3852620019
6238898885
1566758982
7226263846
1833500576
1149304061
3141554884
5887680964
6612574897
6626539167
3713195132
2611208470
9108771650
5616765346
1921026383
6334259419
8801794774
3160282214
4286325502
2183343065
1407677922
0407771242
7824065834
3363839825
8236964041
6546476626
3387327766
1886363658
0589767318
3567798849
1917441427
2536461674
4255829987
8605490452
0485570740
9447101680
8811661979
5173942550
8624732138
5462201375
5405248072
8595997168
3221175762
3354498798
9816768457
4011534662
5364733304
8523567251
6617374936
2585024396
9319678247
1804080688
3255669432
3473049107
9198214145
4473198972
4953705539
1678414758
4864639838
7677840053
3890341920
3048620674
1520424770
1543702317
9978166843
2540097359
1251792456
0507397049
6924221544
1834145794
2034361927
5828267115
1811856998
3304342717
4277891887
8706644831
3605522608
5334342436
5097034903
2936542254
5824191266
3258096788
9203393601
1706310659
5240894844
2003545223
8221978855
6465111288
0564436921
4997221089
5253668213
8881143049
0188646402
8479889977
8090843571
1605969860
8358907321
8036007703
1320874516
3987535359
3002224905
2725101579
0305758856
0968839940
4815362082
0467108567
4452721575
3491496058
1170299520
9139218391
3904263671
0843475776
7846423336
0874968029
8701082856
6416302815
0881385070
2064032225
7034717683
0252556289
4895665654
8265127407
8440531816
3839923226
2824108621
9494670030
8967805763
7047722961
9104425733
8727693022
1901071959
6422981670
0917194226
4699901385
6462053715
1130441397
4439010062
6170783738
2061333462
2645738619
7943241870
4877876196
9817342824
5840546697
4119632621
9114965490
1449991056
7279395409
0152881524
0174606067
6525243224
2964019477
1093128141
3754870178
6755320661
4188642031
1350447177
0701235404
3393096392
8625319706
0835374871
1602663743
2407731357
3381181798
6798179232
3805873085
5174846477
0740890100
4287412966
7274483492
9526371415
4441066425
0619979516
8212403294
5228388577
8663127898
6533732182
4571416478
2733827679
2656504158
1003841381
6330303031
7517722460
8413423183
5226866074
5691712959
9918118638
5749070275
5752332129
3516582511
0804671175
7772532723
9141997811
2220482972
2025677683
6927058980
9081176669
0254773549
3876315623
3253488261
7412199096
7514677337
8508316959
5422301468
3625785087
0621852564
6387173559
9206987920
1910493836
8521155140
3328065743
5080378027
6506351073
6821289354
3463413308
1583685095
7105429520
6609358204
1948769445
9721293140
2890488375
1853859744
9008270637
6499808106
3032122143
1191612159
2225924020
7511626392
5084080833
3220692636
8663280099
8971585930
5735242452
8719484233
6131600131
7677153361
3920640405
9830469739
6965443264
9921465928
5645916697
3536439711
1218383053
1382555060
9604593419
3669418419
0960878363
3485163498
8238065440
2751138327
0142498549
5943001238
4822435890
6581960121
2013590925
8817520318
7132550050
1182004818
9461338504
6759230738
4211541005
9859300914
9809639603
3500184442
6209148768
0654441856
2473739893
1888735647
4267869501
3746138218
5452061702
6276415785
5016074500
6110588076
3648259192
0042208901
2685035057
8782990162
9319438369
3835463247
6653523471
4753613838
2944166930
1387780875
8001294339
3084891361
9782841965
1961072628
0823987213
7977204484
9207841893
2681397906
8070171253
3826403352
5010686143
1140492350
3985226769
9506409810
4016165049
4196651498
5044585222
5058334189
4273512992
1056487072
1196402003
2382128540
6348868742
1588801043
0934679362
7275873710
2381588359
3514184530
4443388748
5391612941
7515219174
7172204100
7915937737
0048187437
8044150349
3376655935
0951684624
2736695612
7871640930
0956541061
0340526523
5339770005
9515126838
9491830072
5780310019
9659458999
4008534107
2644264892
8409773676
8733879493
8720811949
7892354974
5069185310
6421989864
9514737375
7208320590
1710452056
6726443472
4757339018
1494084290
4450112532
9325576463
0356989557
1853088178
9619959686
3735788779
6283624950
8951693007
0236866229
4699888657
1952454852
3502403494
6549376794
7175012814
9217914327
9283011070
6346356562
3306936774
5278247258
6957524565
0169882148
5940364986
7929719719
6227524819
2218398709
4818462979
5582581443
4915808223
8753600202
2840615452
6745141809
9896240474
3502871997
7403681854
1304176783
2946885435
4774959821
2035297220
4344433683
7138107343
1039018656
7600316186
2000094610
8424813332
8212423521
2679336776
8389773923
3777622752
3172443527
5277358333
4979261512
8884080874
7056143300
1601198772
1188302992
9582780405
7806068319
6110251038
0222827948
5784310544
6460966583
3656755005
0966006848
9926296031
7262705108
7676703111
2232084904
1083956885
1847082254
6781919881
6890893613
1032269330
8955062477
3528938977
5722117936
4599071084
4734056743
2430368248
9791821296
8899150529
2970611480
7692165143
1477730475
0014974254
3736475090
6215595320
0308606465
6493433257
0863658032
7085551549
1989815917
3633012430
6033909241
9850979635
9155694531
7884534603
5402019314
4019229230
4079894468
6752715745
6678061072
6115840111
2404273884
1021946225
5550672594
2090430663
7344414576
3758143292
4074566851
9296927815
7891033760
1938297581
8213019970
6692408130
2993165540
9949211179
6703006942
5147964301
1162088912
1752361429
4236750961
0838908695
3994508181
4808005074
3544976765
2973278901
7014197351
0454054463
0354093671
5133450077
7573541866
1893095706
3668272351
5354508439
1009304191
3755665663
3198626089
9862619860
3640520222
6709706844
7266934958
6188924165
7897278679
0222074122
6935039533
8004433514
4362306378
6225332053
3961910851
2962177599
4005195355
7851979886
0111927173
7038573777
1889770131
3818167867
9835868247
2680822349
6031470508
3488862025
6534728297
2847121831
0457002880
5739989747
0801303110
7947263639
9632997914
5819114377
7822119037
9972130737
6592839804
9489318181
2385360072
9153489678
9248164829
9007043478
5444437319
5889479414
8501374866
6407712465
1367945701
3111971131
3861521464
8893885058
7159784592
8952628600
8047164335
6244212890
5374552015
0725067946
8505899707
4591906920
9484642196
6062048079
7994712014
9139207098
2191969240
4578717496
6835555771
1801486861
7778800506
1843081256
9138354020
5468220480
5984196284
7988354134
9875584484
3856543333
5248239470
9063195774
7567134627
1194151370
5358362018
6269622125
7554547787
7001912695
0009937475
5464943818
2394703753
8870186278
6281672094
5379707146
3107752969
8411202440
6651274801
7635102155
8946167792
4471051650
1191960930
1694631858
1340847337
6934672427
7384711231
7270470365
4998880521
8839235172
9846734098
9423137814
3165174158
7860439464
0110887162
6560471653
2422047252
6303133074
1596225833
7433791190
0011846851
8052858172
5900813686
2245183893
2949910036
0526868141
3995213894
8270550567
6341912551
7214693451
5876903119
2974709221
9932937728
3183580728
9195065297
8785996998
1949830719
8291435014
2439429259
0963320724
6926520889
0035525712
7551559179
0206221551
1122700612
8360741293
8695817029
0706130172
6227569164
9121867046
1999149806
6002071884
3487190141
8537547878
7647482668
6365735887
3589639455
9930136189
5557964041
1568395223
3707178296
5826351038
7570320381
3847856730
9949833524
7576890100
6614950235
3800402475
2744195123
0962907399
8869907900
4568009949
7144578356
4544239295
1332902264
7835281638
4032711008
1979146120
4813181098
3993697395
2527164003
2881584816
0267278879
6949183381
0316362955
9839389582
5715602761
7537667424
7434025511
7085858324
9743298675
4964246710
9423597319
0070466644
7458456915
4041083779
8664728059
8860336463
4996969487
3751980682
8665543416
8586784192
3961357768
2729123738
7242243987
8325506450
5326559575
6677778470
0892363156
7757675834
0686051776
3935748684
1793655255
2526793620
5050179664
8241325065
4526839273
6064497227
5921732610
2817703314
0982852642
4401118146
7053806931
3882976896
4418531409
0554095331
9801966007
9962072079
6449246214
6328557618
1723122994
8831573601
1839025557
9448078201
4322150820
4394561685
2310475464
9843550614
2149695925
5220635466
4174780344
5797959214
3625413298
1335823377
6170301962
9673425692
5953953621
3657663710
3461969915
9816907930
9904002812
3050746216
4538731084
1719006855
2094513042
1773068164
7060150883
0532347147
1271661913
7414324262
8975133190
2232293316
0713773328
7874814644
1003806066
8058502797
3426732906
1569872843
4806375461
3212427187
9853799150
6539033984
0216016658
6864305629
5497608200
2074561311
3532564503
7614266315
5386878824
0218740174
9221404618
4309556154
8907391628
0023094828
3022877920
1283964841
1521171385
4223025153
5576385404
8010870902
2091417575
6721013532
0235762332
1895524200
1177949052
8173710481
2786308504
0667111220
5354636755
0009591669
6581988977
8754097363
4885983184
5985842053
7871982068
0770188577
4425189686
4202451452
0667078198
9549340019
7640084523
0052934952
8351538820
4469521485
0484641247
5257935825
9664210487
4756248104
7159346397
3532103663
3812616912
1053970685
4015792803
0445194314
4300190055
4508776571
2675968440
2647118774
6916779745
1767176671
2140703088
4535014234
2388586072
7835486341
6327217110
1016927665
1055577833
9544087651
5290673847
3149057966
4554442608
6771318939
0019844601
7235136338
5393782540
0427859169
9430055043
8010888751
2155063119
3018908360
8945799562
0761864788
0293823010
2286982394
8522134476
7205095048
6356638067
0245655308
6626007199
0311388558
5787708935
3818005136
3272742873
1982316487
6512779035
5487281806
0134085260
9477842308
3944230298
6336010911
8186706154
8363555111
9478057936
6825141728
7206743154
0198629852
5574608956
8398733044
3818771106
7322298895
5831393333
8765794632
2063721474
8235532883
5731988899
0551269661
0756418865
8636685612
8380944565
6430106198
6994287645
9097695083
7806399404
4199408564
3252082819
5510494461
6883673629
6212746185
3656693876
7019496939
2237885404
9903196795
9720209413
4886424912
7563675803
8891084283
4115320414
1562430081
9991081884
0361879144
1667861351
0513953743
3349034004
9495983127
8687249928
9017648491
5049139318
0815669516
1934277404
1179020546
3631166885
7866258228
3284027136
5131922860
6889077858
9336584691
4462387688
5035495231
7926531176
0634366725
6711975639
5712081991
5124637482
6888818538
7319707747
1941307528
2254665463
6065956831
0314652979
0048954650
5301244747
3838603037
0317932179
3014502524
5369994993
1161528251
6848588880
9999635691
8319687105
5767665833
4681107861
9315061374
2579684851
0573697186
3874748593
0295569578
3309593693
3021108883
8183777772
8970127262
2913721604
6288567626
8674538259
6432996598
8030536617
3147603315
0375672493
0699851788
2308611863
8783332087
2564178680
4775295796
8177928870
7512853832
7977871415
6240520112
8383929288
4379966103
6928334057
5831827829
5577586048
2112828524
8709294615
7555130417
4700689399
4324660635
7524070413
8826738498
2046408819
1834023884
5632355348
0520866297
7943986406
6704615155
3882891388
5573714401
9302513293
7990624015
5943065885
3166312575
7350786024
6216199970
6573398664
4690208913
3929331032
5442042805
0252764499
6731019722
2211874143
3811775321
2044441263
6118336412
5352497338
1736844380
4546075344
7387261441
7878426496
7063415488
3810587411
9348492548
7221535872
2219116100
5674338037
2373109192
8426189964
7127504752
1092372674
3319083586
3169598392
8101015882
3852620019
6238898885
1566758982
7226263846
1833500576
1149304061
3141554884
5887680964
6612574897
6626539167
3713195132
2611208470
9108771650
5616765346
1921026383
6334259419
8801794774
3160282214
4286325502
2183343065
1407677922
0407771242
7824065834
3363839825
8236964041
6546476626
3387327766
1886363658
0589767318
3567798849
1917441427
2536461674
4255829987
8605490452
0485570740
9447101680
8811661979
5173942550
8624732138
5462201375
5405248072
8595997168
3221175762
3354498798
9816768457
4011534662
5364733304
8523567251
6617374936
2585024396
9319678247
1804080688
3255669432
3473049107
9198214145
4473198972
4953705539
1678414758
4864639838
7677840053
3890341920
3048620674
1520424770
1543702317
9978166843
2540097359
1251792456
0507397049
6924221544
1834145794
2034361927
5828267115
1811856998
3304342717
4277891887
8706644831
3605522608
5334342436
5097034903
2936542254
5824191266
3258096788
9203393601
1706310659
5240894844
2003545223
8221978855
6465111288
0564436921
4997221089
5253668213
8881143049
0188646402
8479889977
8090843571
1605969860
8358907321
8036007703
1320874516
3987535359
3002224905
2725101579
0305758856
0968839940
4815362082
0467108567
4452721575
3491496058
1170299520
9139218391
3904263671
0843475776
7846423336
0874968029
8701082856
6416302815
0881385070
2064032225
7034717683
0252556289
4895665654
8265127407
8440531816
3839923226
2824108621
9494670030
8967805763
7047722961
9104425733
8727693022
1901071959
6422981670
0917194226
4699901385
6462053715
1130441397
4439010062
6170783738
2061333462
2645738619
7943241870
4877876196
9817342824
5840546697
4119632621
9114965490
1449991056
7279395409
0152881524
0174606067
6525243224
2964019477
1093128141
3754870178
6755320661
4188642031
1350447177
0701235404
3393096392
8625319706
0835374871
1602663743
2407731357
3381181798
6798179232
3805873085
5174846477
0740890100
4287412966
7274483492
9526371415
4441066425
0619979516
8212403294
5228388577
8663127898
6533732182
4571416478
2733827679
2656504158
1003841381
6330303031
7517722460
8413423183
5226866074
5691712959
9918118638
5749070275
5752332129
3516582511
0804671175
7772532723
9141997811
2220482972
2025677683
6927058980
9081176669
0254773549
3876315623
3253488261
7412199096
7514677337
8508316959
5422301468
3625785087
0621852564
6387173559
9206987920
1910493836
8521155140
3328065743
5080378027
6506351073
6821289354
3463413308
1583685095
7105429520
6609358204
1948769445
9721293140
2890488375
1853859744
9008270637
6499808106
3032122143
1191612159
2225924020
7511626392
5084080833
3220692636
8663280099
8971585930
5735242452
8719484233
6131600131
7677153361
3920640405
9830469739
6965443264
9921465928
5645916697
3536439711
1218383053
1382555060
9604593419
3669418419
0960878363
3485163498
8238065440
2751138327
0142498549
5943001238
4822435890
6581960121
2013590925
8817520318
7132550050
1182004818
9461338504
6759230738
4211541005
9859300914
9809639603
3500184442
6209148768
0654441856
2473739893
1888735647
4267869501
3746138218
5452061702
6276415785
5016074500
6110588076
3648259192
0042208901
2685035057
8782990162
9319438369
3835463247
6653523471
4753613838
2944166930
1387780875
8001294339
3084891361
9782841965
1961072628
0823987213
7977204484
9207841893
2681397906
8070171253
3826403352
5010686143
1140492350
3985226769
9506409810
4016165049
4196651498
5044585222
5058334189
4273512992
1056487072
1196402003
2382128540
6348868742
1588801043
0934679362
7275873710
2381588359
3514184530
4443388748
5391612941
7515219174
7172204100
7915937737
0048187437
8044150349
3376655935
0951684624
2736695612
7871640930
0956541061
0340526523
5339770005
9515126838
9491830072
5780310019
9659458999
4008534107
2644264892
8409773676
8733879493
8720811949
7892354974
5069185310
6421989864
9514737375
7208320590
1710452056
6726443472
4757339018
1494084290
4450112532
9325576463
0356989557
1853088178
9619959686
3735788779
6283624950
8951693007
0236866229
4699888657
1952454852
3502403494
6549376794
7175012814
9217914327
9283011070
6346356562
3306936774
5278247258
6957524565
0169882148
5940364986
7929719719
6227524819
2218398709
4818462979
5582581443
4915808223
8753600202
2840615452
6745141809
9896240474
3502871997
7403681854
1304176783
2946885435
4774959821
2035297220
4344433683
7138107343
1039018656
7600316186
2000094610
8424813332
8212423521
2679336776
8389773923
3777622752
3172443527
5277358333
4979261512
8884080874
7056143300
1601198772
1188302992
9582780405
7806068319
6110251038
0222827948
5784310544
6460966583
3656755005
0966006848
9926296031
7262705108
7676703111
2232084904
1083956885
1847082254
6781919881
6890893613
1032269330
8955062477
3528938977
5722117936
4599071084
4734056743
2430368248
9791821296
8899150529
2970611480
7692165143
1477730475
0014974254
3736475090
6215595320
0308606465
6493433257
0863658032
7085551549
1989815917
3633012430
6033909241
9850979635
9155694531
7884534603
5402019314
4019229230
4079894468
6752715745
6678061072
6115840111
2404273884
1021946225
5550672594
2090430663
7344414576
3758143292
4074566851
9296927815
7891033760
1938297581
8213019970
6692408130
2993165540
9949211179
6703006942
5147964301
1162088912
1752361429
4236750961
0838908695
3994508181
4808005074
3544976765
2973278901
7014197351
0454054463
0354093671
5133450077
7573541866
1893095706
3668272351
5354508439
1009304191
3755665663
3198626089
9862619860
3640520222
6709706844
7266934958
6188924165
7897278679
0222074122
6935039533
8004433514
4362306378
6225332053
3961910851
2962177599
4005195355
7851979886
0111927173
7038573777
1889770131
3818167867
9835868247
2680822349
6031470508
3488862025
6534728297
2847121831
0457002880
5739989747
0801303110
7947263639
9632997914
5819114377
7822119037
9972130737
6592839804
9489318181
2385360072
9153489678
9248164829
9007043478
5444437319
5889479414
8501374866
6407712465
1367945701
3111971131
3861521464
8893885058
7159784592
8952628600
8047164335
6244212890
5374552015
0725067946
8505899707
4591906920
9484642196
6062048079
7994712014
9139207098
2191969240
4578717496
6835555771
1801486861
7778800506
1843081256
9138354020
5468220480
5984196284
7988354134
9875584484
3856543333
5248239470
9063195774
7567134627
1194151370
5358362018
6269622125
7554547787
7001912695
0009937475
5464943818
2394703753
8870186278
6281672094
5379707146
3107752969
8411202440
6651274801
7635102155
8946167792
4471051650
1191960930
1694631858
1340847337
6934672427
7384711231
7270470365
4998880521
8839235172
9846734098
9423137814
3165174158
7860439464
0110887162
6560471653
2422047252
6303133074
1596225833
7433791190
0011846851
8052858172
5900813686
2245183893
2949910036
0526868141
3995213894
8270550567
6341912551
7214693451
5876903119
2974709221
9932937728
3183580728
9195065297
8785996998
1949830719
8291435014
2439429259
0963320724
6926520889
0035525712
7551559179
0206221551
1122700612
8360741293
8695817029
0706130172
6227569164
9121867046
1999149806
6002071884
3487190141
8537547878
7647482668
6365735887
3589639455
9930136189
5557964041
1568395223
3707178296
5826351038
7570320381
3847856730
9949833524
7576890100
6614950235
3800402475
2744195123
0962907399
8869907900
4568009949
7144578356
4544239295
1332902264
7835281638
4032711008
1979146120
4813181098
3993697395
2527164003
2881584816
0267278879
6949183381
0316362955
9839389582
5715602761
7537667424
7434025511
7085858324
9743298675
4964246710
9423597319
0070466644
7458456915
4041083779
8664728059
8860336463
4996969487
3751980682
8665543416
8586784192
3961357768
2729123738
7242243987
8325506450
5326559575
6677778470
0892363156
7757675834
0686051776
3935748684
1793655255
2526793620
5050179664
8241325065
4526839273
6064497227
5921732610
2817703314
0982852642
4401118146
7053806931
3882976896
4418531409
0554095331
9801966007
9962072079
6449246214
6328557618
1723122994
8831573601
1839025557
9448078201
4322150820
4394561685
2310475464
9843550614
2149695925
5220635466
4174780344
5797959214
3625413298
1335823377
6170301962
9673425692
5953953621
3657663710
3461969915
9816907930
9904002812
3050746216
4538731084
1719006855
2094513042
1773068164
7060150883
0532347147
1271661913
7414324262
8975133190
2232293316
0713773328
7874814644
1003806066
8058502797
3426732906
1569872843
4806375461
3212427187
9853799150
6539033984
0216016658
6864305629
5497608200
2074561311
3532564503
7614266315
5386878824
0218740174
9221404618
4309556154
8907391628
0023094828
3022877920
1283964841
1521171385
4223025153
5576385404
8010870902
2091417575
6721013532
0235762332
1895524200
1177949052
8173710481
2786308504
0667111220
5354636755
0009591669
6581988977
8754097363
4885983184
5985842053
7871982068
0770188577
4425189686
4202451452
0667078198
9549340019
7640084523
0052934952
8351538820
4469521485
0484641247
5257935825
9664210487
4756248104
7159346397
3532103663
3812616912
1053970685
4015792803
0445194314
4300190055
4508776571
2675968440
2647118774
6916779745
1767176671
2140703088
4535014234
2388586072
7835486341
6327217110
1016927665
1055577833
9544087651
5290673847
3149057966
4554442608
6771318939
0019844601
7235136338
5393782540
0427859169
9430055043
8010888751
2155063119
3018908360
8945799562
0761864788
0293823010
2286982394
8522134476
7205095048
6356638067
0245655308
6626007199
0311388558
5787708935
3818005136
3272742873
1982316487
6512779035
5487281806
0134085260
9477842308
3944230298
6336010911
8186706154
8363555111
9478057936
6825141728
7206743154
0198629852
5574608956
8398733044
3818771106
7322298895
5831393333
8765794632
2063721474
8235532883
5731988899
0551269661
0756418865
8636685612
8380944565
6430106198
6994287645
9097695083
7806399404
4199408564
3252082819
5510494461
6883673629
6212746185
3656693876
7019496939
2237885404
9903196795
9720209413
4886424912
7563675803
8891084283
4115320414
1562430081
9991081884
0361879144
1667861351
0513953743
3349034004
9495983127
8687249928
9017648491
5049139318
0815669516
1934277404
1179020546
3631166885
7866258228
3284027136
5131922860
6889077858
9336584691
4462387688
5035495231
7926531176
0634366725
6711975639
5712081991
5124637482
6888818538
7319707747
1941307528
2254665463
6065956831
0314652979
0048954650
5301244747
3838603037
0317932179
3014502524
5369994993
1161528251
6848588880
9999635691
8319687105
5767665833
4681107861
9315061374
2579684851
0573697186
3874748593
0295569578
3309593693
3021108883
8183777772
8970127262
2913721604
6288567626
8674538259
6432996598
8030536617
3147603315
0375672493
0699851788
2308611863
8783332087
2564178680
4775295796
8177928870
7512853832
7977871415
6240520112
8383929288
4379966103
6928334057
5831827829
5577586048
2112828524
8709294615
7555130417
4700689399
4324660635
7524070413
8826738498
2046408819
1834023884
5632355348
0520866297
7943986406
6704615155
3882891388
5573714401
9302513293
7990624015
5943065885
3166312575
7350786024
6216199970
6573398664
4690208913
3929331032
5442042805
0252764499
6731019722
2211874143
3811775321
2044441263
6118336412
5352497338
1736844380
4546075344
7387261441
7878426496
7063415488
3810587411
9348492548
7221535872
2219116100
5674338037
2373109192
8426189964
7127504752
1092372674
3319083586
3169598392
8101015882
3852620019
6238898885
1566758982
7226263846
1833500576
1149304061
3141554884
5887680964
6612574897
6626539167
3713195132
2611208470
9108771650
5616765346
1921026383
6334259419
8801794774
3160282214
4286325502
2183343065
1407677922
0407771242
7824065834
3363839825
8236964041
6546476626
3387327766
1886363658
0589767318
3567798849
1917441427
2536461674
4255829987
8605490452
0485570740
9447101680
8811661979
5173942550
8624732138
5462201375
5405248072
8595997168
3221175762
3354498798
9816768457
4011534662
5364733304
8523567251
6617374936
2585024396
9319678247
1804080688
3255669432
3473049107
9198214145
4473198972
4953705539
1678414758
4864639838
7677840053
3890341920
3048620674
1520424770
1543702317
9978166843
2540097359
1251792456
0507397049
6924221544
1834145794
2034361927
5828267115
1811856998
3304342717
4277891887
8706644831
3605522608
5334342436
5097034903
2936542254
5824191266
3258096788
9203393601
1706310659
5240894844
2003545223
8221978855
6465111288
0564436921
4997221089
5253668213
8881143049
0188646402
8479889977
8090843571
1605969860
8358907321
8036007703
1320874516
3987535359
3002224905
2725101579
0305758856
0968839940
4815362082
0467108567
4452721575
3491496058
1170299520
9139218391
3904263671
0843475776
7846423336
0874968029
8701082856
6416302815
0881385070
2064032225
7034717683
0252556289
4895665654
8265127407
8440531816
3839923226
2824108621
9494670030
8967805763
7047722961
9104425733
8727693022
1901071959
6422981670
0917194226
4699901385
6462053715
1130441397
4439010062
6170783738
2061333462
2645738619
7943241870
4877876196
9817342824
5840546697
4119632621
9114965490
1449991056
7279395409
0152881524
0174606067
6525243224
2964019477
1093128141
3754870178
6755320661
4188642031
1350447177
0701235404
3393096392
8625319706
0835374871
1602663743
2407731357
3381181798
6798179232
3805873085
5174846477
0740890100
4287412966
7274483492
9526371415
4441066425
0619979516
8212403294
5228388577
8663127898
6533732182
4571416478
2733827679
2656504158
1003841381
6330303031
7517722460
8413423183
5226866074
5691712959
9918118638
5749070275
5752332129
3516582511
0804671175
7772532723
9141997811
2220482972
2025677683
6927058980
9081176669
0254773549
3876315623
3253488261
7412199096
7514677337
8508316959
5422301468
3625785087
0621852564
6387173559
9206987920
1910493836
8521155140
3328065743
5080378027
6506351073
6821289354
3463413308
1583685095
7105429520
6609358204
1948769445
9721293140
2890488375
1853859744
9008270637
6499808106
3032122143
1191612159
2225924020
7511626392
5084080833
3220692636
8663280099
8971585930
5735242452
8719484233
6131600131
7677153361
3920640405
9830469739
6965443264
9921465928
5645916697
3536439711
1218383053
1382555060
9604593419
3669418419
0960878363
3485163498
8238065440
2751138327
0142498549
5943001238
4822435890
6581960121
2013590925
8817520318
7132550050
1182004818
9461338504
6759230738
4211541005
9859300914
9809639603
3500184442
6209148768
0654441856
2473739893
1888735647
4267869501
3746138218
5452061702
6276415785
5016074500
6110588076
3648259192
0042208901
2685035057
8782990162
9319438369
3835463247
6653523471
4753613838
2944166930
1387780875
8001294339
3084891361
9782841965
1961072628
0823987213
7977204484
9207841893
2681397906
8070171253
3826403352
5010686143
1140492350
3985226769
9506409810
4016165049
4196651498
5044585222
5058334189
4273512992
1056487072
1196402003
2382128540
6348868742
1588801043
0934679362
7275873710
2381588359
3514184530
4443388748
5391612941
7515219174
7172204100
7915937737
0048187437
8044150349
3376655935
0951684624
2736695612
7871640930
0956541061
0340526523
5339770005
9515126838
9491830072
5780310019
9659458999
4008534107
2644264892
8409773676
8733879493
8720811949
7892354974
5069185310
6421989864
9514737375
7208320590
1710452056
6726443472
4757339018
1494084290
4450112532
9325576463
0356989557
1853088178
9619959686
3735788779
6283624950
8951693007
0236866229
4699888657
1952454852
3502403494
6549376794
7175012814
9217914327
9283011070
6346356562
3306936774
5278247258
6957524565
0169882148
5940364986
7929719719
6227524819
2218398709
4818462979
5582581443
4915808223
8753600202
2840615452
6745141809
9896240474
3502871997
7403681854
1304176783
2946885435
4774959821
2035297220
4344433683
7138107343
1039018656
7600316186
2000094610
8424813332
8212423521
2679336776
8389773923
3777622752
3172443527
5277358333
4979261512
8884080874
7056143300
1601198772
1188302992
9582780405
7806068319
6110251038
0222827948
5784310544
6460966583
3656755005
0966006848
9926296031
7262705108
7676703111
2232084904
1083956885
1847082254
6781919881
6890893613
1032269330
8955062477
3528938977
5722117936
4599071084
4734056743
2430368248
9791821296
8899150529
2970611480
7692165143
1477730475
0014974254
3736475090
6215595320
0308606465
6493433257
0863658032
7085551549
1989815917
3633012430
6033909241
9850979635
9155694531
7884534603
5402019314
4019229230
4079894468
6752715745
6678061072
6115840111
2404273884
1021946225
5550672594
2090430663
7344414576
3758143292
4074566851
9296927815
7891033760
1938297581
8213019970
6692408130
2993165540
9949211179
6703006942
5147964301
1162088912
1752361429
4236750961
0838908695
3994508181
4808005074
3544976765
2973278901
7014197351
0454054463
0354093671
5133450077
7573541866
1893095706
3668272351
5354508439
1009304191
3755665663
3198626089
9862619860
3640520222
6709706844
7266934958
6188924165
7897278679
0222074122
6935039533
8004433514
4362306378
6225332053
3961910851
2962177599
4005195355
7851979886
0111927173
7038573777
1889770131
3818167867
9835868247
2680822349
6031470508
3488862025
6534728297
2847121831
0457002880
5739989747
0801303110
7947263639
9632997914
5819114377
7822119037
9972130737
6592839804
9489318181
2385360072
9153489678
9248164829
9007043478
5444437319
5889479414
8501374866
6407712465
1367945701
3111971131
3861521464
8893885058
7159784592
8952628600
8047164335
6244212890
5374552015
0725067946
8505899707
4591906920
9484642196
6062048079
7994712014
9139207098
2191969240
4578717496
6835555771
1801486861
7778800506
1843081256
9138354020
5468220480
5984196284
7988354134
9875584484
3856543333
5248239470
9063195774
7567134627
1194151370
5358362018
6269622125
7554547787
7001912695
0009937475
5464943818
2394703753
8870186278
6281672094
5379707146
3107752969
8411202440
6651274801
7635102155
8946167792
4471051650
1191960930
1694631858
1340847337
6934672427
7384711231
7270470365
4998880521
8839235172
9846734098
9423137814
3165174158
7860439464
0110887162
6560471653
2422047252
6303133074
1596225833
7433791190
0011846851
8052858172
5900813686
2245183893
2949910036
0526868141
3995213894
8270550567
6341912551
7214693451
5876903119
2974709221
9932937728
3183580728
9195065297
8785996998
1949830719
8291435014
2439429259
0963320724
6926520889
0035525712
7551559179
0206221551
1122700612
8360741293
8695817029
0706130172
6227569164
9121867046
1999149806
6002071884
3487190141
8537547878
7647482668
6365735887
3589639455
9930136189
5557964041
1568395223
3707178296
5826351038
7570320381
3847856730
9949833524
7576890100
6614950235
3800402475
2744195123
0962907399
8869907900
4568009949
7144578356
4544239295
1332902264
7835281638
4032711008
1979146120
4813181098
3993697395
2527164003
2881584816
0267278879
6949183381
0316362955
9839389582
5715602761
7537667424
7434025511
7085858324
9743298675
4964246710
9423597319
0070466644
7458456915
4041083779
8664728059
8860336463
4996969487
3751980682
8665543416
8586784192
3961357768
2729123738
7242243987
8325506450
5326559575
6677778470
0892363156
7757675834
0686051776
3935748684
1793655255
2526793620
5050179664
8241325065
4526839273
6064497227
5921732610
2817703314
0982852642
4401118146
7053806931
3882976896
4418531409
0554095331
9801966007
9962072079
6449246214
6328557618
1723122994
8831573601
1839025557
9448078201
4322150820
4394561685
2310475464
9843550614
2149695925
5220635466
4174780344
5797959214
3625413298
1335823377
6170301962
9673425692
5953953621
3657663710
3461969915
9816907930
9904002812
3050746216
4538731084
1719006855
2094513042
1773068164
7060150883
0532347147
1271661913
7414324262
8975133190
2232293316
0713773328
7874814644
1003806066
8058502797
3426732906
1569872843
4806375461
3212427187
9853799150
6539033984
0216016658
6864305629
5497608200
2074561311
3532564503
7614266315
5386878824
0218740174
9221404618
4309556154
8907391628
0023094828
3022877920
1283964841
1521171385
4223025153
5576385404
8010870902
2091417575
6721013532
0235762332
1895524200
1177949052
8173710481
2786308504
0667111220
5354636755
0009591669
6581988977
8754097363
4885983184
5985842053
7871982068
0770188577
4425189686
4202451452
0667078198
9549340019
7640084523
0052934952
8351538820
4469521485
0484641247
5257935825
9664210487
4756248104
7159346397
3532103663
3812616912
1053970685
4015792803
0445194314
4300190055
4508776571
2675968440
2647118774
6916779745
1767176671
2140703088
4535014234
2388586072
7835486341
6327217110
1016927665
1055577833
9544087651
5290673847
3149057966
4554442608
6771318939
0019844601
7235136338
5393782540
0427859169
9430055043
8010888751
2155063119
3018908360
8945799562
0761864788
0293823010
2286982394
8522134476
7205095048
6356638067
0245655308
6626007199
0311388558
5787708935
3818005136
3272742873
1982316487
6512779035
5487281806
0134085260
9477842308
3944230298
6336010911
8186706154
8363555111
9478057936
6825141728
7206743154
0198629852
5574608956
8398733044
3818771106
7322298895
5831393333
8765794632
2063721474
8235532883
5731988899
0551269661
0756418865
8636685612
8380944565
6430106198
6994287645
9097695083
7806399404
4199408564
3252082819
5510494461
6883673629
6212746185
3656693876
7019496939
2237885404
9903196795
9720209413
4886424912
7563675803
8891084283
4115320414
1562430081
9991081884
0361879144
1667861351
0513953743
3349034004
9495983127
8687249928
9017648491
5049139318
0815669516
1934277404
1179020546
3631166885
7866258228
3284027136
5131922860
6889077858
9336584691
4462387688
5035495231
7926531176
0634366725
6711975639
5712081991
5124637482
6888818538
7319707747
1941307528
2254665463
6065956831
0314652979
0048954650
5301244747
3838603037
0317932179
3014502524
5369994993
1161528251
6848588880
9999635691
8319687105
5767665833
4681107861
9315061374
2579684851
0573697186
3874748593
0295569578
3309593693
3021108883
8183777772
8970127262
2913721604
6288567626
8674538259
6432996598
8030536617
3147603315
0375672493
0699851788
2308611863
8783332087
2564178680
4775295796
8177928870
7512853832
7977871415
6240520112
8383929288
4379966103
6928334057
5831827829
5577586048
2112828524
8709294615
7555130417
4700689399
4324660635
7524070413
8826738498
2046408819
1834023884
5632355348
0520866297
7943986406
6704615155
3882891388
5573714401
9302513293
7990624015
5943065885
3166312575
7350786024
6216199970
6573398664
4690208913
3929331032
5442042805
0252764499
6731019722
2211874143
3811775321
2044441263
6118336412
5352497338
1736844380
4546075344
7387261441
7878426496
7063415488
3810587411
9348492548
7221535872
2219116100
5674338037
2373109192
8426189964
7127504752
1092372674
3319083586
3169598392
8101015882
3852620019
6238898885
1566758982
7226263846
1833500576
1149304061
3141554884
5887680964
6612574897
6626539167
3713195132
2611208470
9108771650
5616765346
1921026383
6334259419
8801794774
3160282214
4286325502
2183343065
1407677922
0407771242
7824065834
3363839825
8236964041
6546476626
3387327766
1886363658
0589767318
3567798849
1917441427
2536461674
4255829987
8605490452
0485570740
9447101680
8811661979
5173942550
8624732138
5462201375
5405248072
8595997168
3221175762
3354498798
9816768457
4011534662
5364733304
8523567251
6617374936
2585024396
9319678247
1804080688
3255669432
3473049107
9198214145
4473198972
4953705539
1678414758
4864639838
7677840053
3890341920
3048620674
1520424770
1543702317
9978166843
2540097359
1251792456
0507397049
6924221544
1834145794
2034361927
5828267115
1811856998
3304342717
4277891887
8706644831
3605522608
5334342436
5097034903
2936542254
5824191266
3258096788
9203393601
1706310659
5240894844
2003545223
8221978855
6465111288
0564436921
4997221089
5253668213
8881143049
0188646402
8479889977
8090843571
1605969860
8358907321
8036007703
1320874516
3987535359
3002224905
2725101579
0305758856
0968839940
4815362082
0467108567
4452721575
3491496058
1170299520
9139218391
3904263671
0843475776
7846423336
0874968029
8701082856
6416302815
0881385070
2064032225
7034717683
0252556289
4895665654
8265127407
8440531816
3839923226
2824108621
9494670030
8967805763
7047722961
9104425733
8727693022
1901071959
6422981670
0917194226
4699901385
6462053715
1130441397
4439010062
6170783738
2061333462
2645738619
7943241870
4877876196
9817342824
5840546697
4119632621
9114965490
1449991056
7279395409
0152881524
0174606067
6525243224
2964019477
1093128141
3754870178
6755320661
4188642031
1350447177
0701235404
3393096392
8625319706
0835374871
1602663743
2407731357
3381181798
6798179232
3805873085
5174846477
0740890100
4287412966
7274483492
9526371415
4441066425
0619979516
8212403294
5228388577
8663127898
6533732182
4571416478
2733827679
2656504158
1003841381
6330303031
7517722460
8413423183
5226866074
5691712959
9918118638
5749070275
5752332129
3516582511
0804671175
7772532723
9141997811
2220482972
2025677683
6927058980
9081176669
0254773549
3876315623
3253488261
7412199096
7514677337
8508316959
5422301468
3625785087
0621852564
6387173559
9206987920
1910493836
8521155140
3328065743
5080378027
6506351073
6821289354
3463413308
1583685095
7105429520
6609358204
1948769445
9721293140
2890488375
1853859744
9008270637
6499808106
3032122143
1191612159
2225924020
7511626392
5084080833
3220692636
8663280099
8971585930
5735242452
8719484233
6131600131
7677153361
3920640405
9830469739
6965443264
9921465928
5645916697
3536439711
1218383053
1382555060
9604593419
3669418419
0960878363
3485163498
8238065440
2751138327
0142498549
5943001238
4822435890
6581960121
2013590925
8817520318
7132550050
1182004818
9461338504
6759230738
4211541005
9859300914
9809639603
3500184442
6209148768
0654441856
2473739893
1888735647
4267869501
3746138218
5452061702
6276415785
5016074500
6110588076
3648259192
0042208901
2685035057
8782990162
9319438369
3835463247
6653523471
4753613838
2944166930
1387780875
8001294339
3084891361
9782841965
1961072628
0823987213
7977204484
9207841893
2681397906
8070171253
3826403352
5010686143
1140492350
3985226769
9506409810
4016165049
4196651498
5044585222
5058334189
4273512992
1056487072
1196402003
2382128540
6348868742
1588801043
0934679362
7275873710
2381588359
3514184530
4443388748
5391612941
7515219174
7172204100
7915937737
0048187437
8044150349
3376655935
0951684624
2736695612
7871640930
0956541061
0340526523
5339770005
9515126838
9491830072
5780310019
9659458999
4008534107
2644264892
8409773676
8733879493
8720811949
7892354974
5069185310
6421989864
9514737375
7208320590
1710452056
6726443472
4757339018
1494084290
4450112532
9325576463
0356989557
1853088178
9619959686
3735788779
6283624950
8951693007
0236866229
4699888657
1952454852
3502403494
6549376794
7175012814
9217914327
9283011070
6346356562
3306936774
5278247258
6957524565
0169882148
5940364986
7929719719
6227524819
2218398709
4818462979
5582581443
4915808223
8753600202
2840615452
6745141809
9896240474
3502871997
7403681854
1304176783
2946885435
4774959821
2035297220
4344433683
7138107343
1039018656
7600316186
2000094610
8424813332
8212423521
2679336776
8389773923
3777622752
3172443527
5277358333
4979261512
8884080874
7056143300
1601198772
1188302992
9582780405
7806068319
6110251038
0222827948
5784310544
6460966583
3656755005
0966006848
9926296031
7262705108
7676703111
2232084904
1083956885
1847082254
6781919881
6890893613
1032269330
8955062477
3528938977
5722117936
4599071084
4734056743
2430368248
9791821296
8899150529
2970611480
7692165143
1477730475
0014974254
3736475090
6215595320
0308606465
6493433257
0863658032
7085551549
1989815917
3633012430
6033909241
9850979635
9155694531
7884534603
5402019314
4019229230
4079894468
6752715745
6678061072
6115840111
2404273884
1021946225
5550672594
2090430663
7344414576
3758143292
4074566851
9296927815
7891033760
1938297581
8213019970
6692408130
2993165540
9949211179
6703006942
5147964301
1162088912
1752361429
4236750961
0838908695
3994508181
4808005074
3544976765
2973278901
7014197351
0454054463
0354093671
5133450077
7573541866
1893095706
3668272351
5354508439
1009304191
3755665663
3198626089
9862619860
3640520222
6709706844
7266934958
6188924165
7897278679
0222074122
6935039533
8004433514
4362306378
6225332053
3961910851
2962177599
4005195355
7851979886
0111927173
7038573777
1889770131
3818167867
9835868247
2680822349
6031470508
3488862025
6534728297
2847121831
0457002880
5739989747
0801303110
7947263639
9632997914
5819114377
7822119037
9972130737
6592839804
9489318181
2385360072
9153489678
9248164829
9007043478
5444437319
5889479414
8501374866
6407712465
1367945701
3111971131
3861521464
8893885058
7159784592
8952628600
8047164335
6244212890
5374552015
0725067946
8505899707
4591906920
9484642196
6062048079
7994712014
9139207098
2191969240
4578717496
6835555771
1801486861
7778800506
1843081256
9138354020
5468220480
5984196284
7988354134
9875584484
3856543333
5248239470
9063195774
7567134627
1194151370
5358362018
6269622125
7554547787
7001912695
0009937475
5464943818
2394703753
8870186278
6281672094
5379707146
3107752969
8411202440
6651274801
7635102155
8946167792
4471051650
1191960930
1694631858
1340847337
6934672427
7384711231
7270470365
4998880521
8839235172
9846734098
9423137814
3165174158
7860439464
0110887162
6560471653
2422047252
6303133074
1596225833
7433791190
0011846851
8052858172
5900813686
2245183893
2949910036
0526868141
3995213894
8270550567
6341912551
7214693451
5876903119
2974709221
9932937728
3183580728
9195065297
8785996998
1949830719
8291435014
2439429259
0963320724
6926520889
0035525712
7551559179
0206221551
1122700612
8360741293
8695817029
0706130172
6227569164
9121867046
1999149806
6002071884
3487190141
8537547878
7647482668
6365735887
3589639455
9930136189
5557964041
1568395223
3707178296
5826351038
7570320381
3847856730
9949833524
7576890100
6614950235
3800402475
2744195123
0962907399
8869907900
4568009949
7144578356
4544239295
1332902264
7835281638
4032711008
1979146120
4813181098
3993697395
2527164003
2881584816
0267278879
6949183381
0316362955
9839389582
5715602761
7537667424
7434025511
7085858324
9743298675
4964246710
9423597319
0070466644
7458456915
4041083779
8664728059
8860336463
4996969487
3751980682
8665543416
8586784192
3961357768
2729123738
7242243987
8325506450
5326559575
6677778470
0892363156
7757675834
0686051776
3935748684
1793655255
2526793620
5050179664
8241325065
4526839273
6064497227
5921732610
2817703314
0982852642
4401118146
7053806931
3882976896
4418531409
0554095331
9801966007
9962072079
6449246214
6328557618
1723122994
8831573601
1839025557
9448078201
4322150820
4394561685
2310475464
9843550614
2149695925
5220635466
4174780344
5797959214
3625413298
1335823377
6170301962
9673425692
5953953621
3657663710
3461969915
9816907930
9904002812
3050746216
4538731084
1719006855
2094513042
1773068164
7060150883
0532347147
1271661913
7414324262
8975133190
2232293316
0713773328
7874814644
1003806066
8058502797
3426732906
1569872843
4806375461
3212427187
9853799150
6539033984
0216016658
6864305629
5497608200
2074561311
3532564503
7614266315
5386878824
0218740174
9221404618
4309556154
8907391628
0023094828
3022877920
1283964841
1521171385
4223025153
5576385404
8010870902
2091417575
6721013532
0235762332
1895524200
1177949052
8173710481
2786308504
0667111220
5354636755
0009591669
6581988977
8754097363
4885983184
5985842053
7871982068
0770188577
4425189686
4202451452
0667078198
9549340019
7640084523
0052934952
8351538820
4469521485
0484641247
5257935825
9664210487
4756248104
7159346397
3532103663
3812616912
1053970685
4015792803
0445194314
4300190055
4508776571
2675968440
2647118774
6916779745
1767176671
2140703088
4535014234
2388586072
7835486341
6327217110
1016927665
1055577833
9544087651
5290673847
3149057966
4554442608
6771318939
0019844601
7235136338
5393782540
0427859169
9430055043
8010888751
2155063119
3018908360
8945799562
0761864788
0293823010
2286982394
8522134476
7205095048
6356638067
0245655308
6626007199
0311388558
5787708935
3818005136
3272742873
1982316487
6512779035
5487281806
0134085260
9477842308
3944230298
6336010911
8186706154
8363555111
9478057936
6825141728
7206743154
0198629852
5574608956
8398733044
3818771106
7322298895
5831393333
8765794632
2063721474
8235532883
5731988899
0551269661
0756418865
8636685612
8380944565
6430106198
6994287645
9097695083
7806399404
4199408564
3252082819
5510494461
6883673629
6212746185
3656693876
7019496939
2237885404
9903196795
9720209413
4886424912
7563675803
8891084283
4115320414
1562430081
9991081884
0361879144
1667861351
0513953743
3349034004
9495983127
8687249928
9017648491
5049139318
0815669516
1934277404
1179020546
3631166885
7866258228
3284027136
5131922860
6889077858
9336584691
4462387688
5035495231
7926531176
0634366725
6711975639
5712081991
5124637482
6888818538
7319707747
1941307528
2254665463
6065956831
0314652979
0048954650
5301244747
3838603037
0317932179
3014502524
5369994993
1161528251
6848588880
9999635691
8319687105
5767665833
4681107861
9315061374
2579684851
0573697186
3874748593
0295569578
3309593693
3021108883
8183777772
8970127262
2913721604
6288567626
8674538259
6432996598
8030536617
3147603315
0375672493
0699851788
2308611863
8783332087
2564178680
4775295796
8177928870
7512853832
7977871415
6240520112
8383929288
4379966103
6928334057
5831827829
5577586048
2112828524
8709294615
7555130417
4700689399
4324660635
7524070413
8826738498
2046408819
1834023884
5632355348
0520866297
7943986406
6704615155
3882891388
5573714401
9302513293
7990624015
5943065885
3166312575
7350786024
6216199970
6573398664
4690208913
3929331032
5442042805
0252764499
6731019722
2211874143
3811775321
2044441263
6118336412
5352497338
1736844380
4546075344
7387261441
7878426496
7063415488
3810587411
9348492548
7221535872
2219116100
5674338037
2373109192
8426189964
7127504752
1092372674
3319083586
3169598392
8101015882
3852620019
6238898885
1566758982
7226263846
1833500576
1149304061
3141554884
5887680964
6612574897
6626539167
3713195132
2611208470
9108771650
5616765346
1921026383
6334259419
8801794774
3160282214
4286325502
2183343065
1407677922
0407771242
7824065834
3363839825
8236964041
6546476626
3387327766
1886363658
0589767318
3567798849
1917441427
2536461674
4255829987
8605490452
0485570740
9447101680
8811661979
5173942550
8624732138
5462201375
5405248072
8595997168
3221175762
3354498798
9816768457
4011534662
5364733304
8523567251
6617374936
2585024396
9319678247
1804080688
3255669432
3473049107
9198214145
4473198972
4953705539
1678414758
4864639838
7677840053
3890341920
3048620674
1520424770
1543702317
9978166843
2540097359
1251792456
0507397049
6924221544
1834145794
2034361927
5828267115
1811856998
3304342717
4277891887
8706644831
3605522608
5334342436
5097034903
2936542254
5824191266
3258096788
9203393601
1706310659
5240894844
2003545223
8221978855
6465111288
0564436921
4997221089
5253668213
8881143049
0188646402
8479889977
8090843571
1605969860
8358907321
8036007703
1320874516
3987535359
3002224905
2725101579
0305758856
0968839940
4815362082
0467108567
4452721575
3491496058
1170299520
9139218391
3904263671
0843475776
7846423336
0874968029
8701082856
6416302815
0881385070
2064032225
7034717683
0252556289
4895665654
8265127407
8440531816
3839923226
2824108621
9494670030
8967805763
7047722961
9104425733
8727693022
1901071959
6422981670
0917194226
4699901385
6462053715
1130441397
4439010062
6170783738
2061333462
2645738619
7943241870
4877876196
9817342824
5840546697
4119632621
9114965490
1449991056
7279395409
0152881524
0174606067
6525243224
2964019477
1093128141
3754870178
6755320661
4188642031
1350447177
0701235404
3393096392
8625319706
0835374871
1602663743
2407731357
3381181798
6798179232
3805873085
5174846477
0740890100
4287412966
7274483492
9526371415
4441066425
0619979516
8212403294
5228388577
8663127898
6533732182
4571416478
2733827679
2656504158
1003841381
6330303031
7517722460
8413423183
5226866074
5691712959
9918118638
5749070275
5752332129
3516582511
0804671175
7772532723
9141997811
2220482972
2025677683
6927058980
9081176669
0254773549
3876315623
3253488261
7412199096
7514677337
8508316959
5422301468
3625785087
0621852564
6387173559
9206987920
1910493836
8521155140
3328065743
5080378027
6506351073
6821289354
3463413308
1583685095
7105429520
6609358204
1948769445
9721293140
2890488375
1853859744
9008270637
6499808106
3032122143
1191612159
2225924020
7511626392
5084080833
3220692636
8663280099
8971585930
5735242452
8719484233
6131600131
7677153361
3920640405
9830469739
6965443264
9921465928
5645916697
3536439711
1218383053
1382555060
9604593419
3669418419
0960878363
3485163498
8238065440
2751138327
0142498549
5943001238
4822435890
6581960121
2013590925
8817520318
7132550050
1182004818
9461338504
6759230738
4211541005
9859300914
9809639603
3500184442
6209148768
0654441856
2473739893
1888735647
4267869501
3746138218
5452061702
6276415785
5016074500
6110588076
3648259192
0042208901
2685035057
8782990162
9319438369
3835463247
6653523471
4753613838
2944166930
1387780875
8001294339
3084891361
9782841965
1961072628
0823987213
7977204484
9207841893
2681397906
8070171253
3826403352
5010686143
1140492350
3985226769
9506409810
4016165049
4196651498
5044585222
5058334189
4273512992
1056487072
1196402003
2382128540
6348868742
1588801043
0934679362
7275873710
2381588359
3514184530
4443388748
5391612941
7515219174
7172204100
7915937737
0048187437
8044150349
3376655935
0951684624
2736695612
7871640930
0956541061
0340526523
5339770005
9515126838
9491830072
5780310019
9659458999
4008534107
2644264892
8409773676
8733879493
8720811949
7892354974
5069185310
6421989864
9514737375
7208320590
1710452056
6726443472
4757339018
1494084290
4450112532
9325576463
0356989557
1853088178
9619959686
3735788779
6283624950
8951693007
0236866229
4699888657
1952454852
3502403494
6549376794
7175012814
9217914327
9283011070
6346356562
3306936774
5278247258
6957524565
0169882148
5940364986
7929719719
6227524819
2218398709
4818462979
5582581443
4915808223
8753600202
2840615452
6745141809
9896240474
3502871997
7403681854
1304176783
2946885435
4774959821
2035297220
4344433683
7138107343
1039018656
7600316186
2000094610
8424813332
8212423521
2679336776
8389773923
3777622752
3172443527
5277358333
4979261512
8884080874
7056143300
1601198772
1188302992
9582780405
7806068319
6110251038
0222827948
5784310544
6460966583
3656755005
0966006848
9926296031
7262705108
7676703111
2232084904
1083956885
1847082254
6781919881
6890893613
1032269330
8955062477
3528938977
5722117936
4599071084
4734056743
2430368248
9791821296
8899150529
2970611480
7692165143
1477730475
0014974254
3736475090
6215595320
0308606465
6493433257
0863658032
7085551549
1989815917
3633012430
6033909241
9850979635
9155694531
7884534603
5402019314
4019229230
4079894468
6752715745
6678061072
6115840111
2404273884
1021946225
5550672594
2090430663
7344414576
3758143292
4074566851
9296927815
7891033760
1938297581
8213019970
6692408130
2993165540
9949211179
6703006942
5147964301
1162088912
1752361429
4236750961
0838908695
3994508181
4808005074
3544976765
2973278901
7014197351
0454054463
0354093671
5133450077
7573541866
1893095706
3668272351
5354508439
1009304191
3755665663
3198626089
9862619860
3640520222
6709706844
7266934958
6188924165
7897278679
0222074122
6935039533
8004433514
4362306378
6225332053
3961910851
2962177599
4005195355
7851979886
0111927173
7038573777
1889770131
3818167867
9835868247
2680822349
6031470508
3488862025
6534728297
2847121831
0457002880
5739989747
0801303110
7947263639
9632997914
5819114377
7822119037
9972130737
6592839804
9489318181
2385360072
9153489678
9248164829
9007043478
5444437319
5889479414
8501374866
6407712465
1367945701
3111971131
3861521464
8893885058
7159784592
8952628600
8047164335
6244212890
5374552015
0725067946
8505899707
4591906920
9484642196
6062048079
7994712014
9139207098
2191969240
4578717496
6835555771
1801486861
7778800506
1843081256
9138354020
5468220480
5984196284
7988354134
9875584484
3856543333
5248239470
9063195774
7567134627
1194151370
5358362018
6269622125
7554547787
7001912695
0009937475
5464943818
2394703753
8870186278
6281672094
5379707146
3107752969
8411202440
6651274801
7635102155
8946167792
4471051650
1191960930
1694631858
1340847337
6934672427
7384711231
7270470365
4998880521
8839235172
9846734098
9423137814
3165174158
7860439464
0110887162
6560471653
2422047252
6303133074
1596225833
7433791190
0011846851
8052858172
5900813686
2245183893
2949910036
0526868141
3995213894
8270550567
6341912551
7214693451
5876903119
2974709221
9932937728
3183580728
9195065297
8785996998
1949830719
8291435014
2439429259
0963320724
6926520889
0035525712
7551559179
0206221551
1122700612
8360741293
8695817029
0706130172
6227569164
9121867046
1999149806
6002071884
3487190141
8537547878
7647482668
6365735887
3589639455
9930136189
5557964041
1568395223
3707178296
5826351038
7570320381
3847856730
9949833524
7576890100
6614950235
3800402475
2744195123
0962907399
8869907900
4568009949
7144578356
4544239295
1332902264
7835281638
4032711008
1979146120
4813181098
3993697395
2527164003
2881584816
0267278879
6949183381
0316362955
9839389582
5715602761
7537667424
7434025511
7085858324
9743298675
4964246710
9423597319
0070466644
7458456915
4041083779
8664728059
8860336463
4996969487
3751980682
8665543416
8586784192
3961357768
2729123738
7242243987
8325506450
5326559575
6677778470
0892363156
7757675834
0686051776
3935748684
1793655255
2526793620
5050179664
8241325065
4526839273
6064497227
5921732610
2817703314
0982852642
4401118146
7053806931
3882976896
4418531409
0554095331
9801966007
9962072079
6449246214
6328557618
1723122994
8831573601
1839025557
9448078201
4322150820
4394561685
2310475464
9843550614
2149695925
5220635466
4174780344
5797959214
3625413298
1335823377
6170301962
9673425692
5953953621
3657663710
3461969915
9816907930
9904002812
3050746216
4538731084
1719006855
2094513042
1773068164
7060150883
0532347147
1271661913
7414324262
8975133190
2232293316
0713773328
7874814644
1003806066
8058502797
3426732906
1569872843
4806375461
3212427187
9853799150
6539033984
0216016658
6864305629
5497608200
2074561311
3532564503
7614266315
5386878824
0218740174
9221404618
4309556154
8907391628
0023094828
3022877920
1283964841
1521171385
4223025153
5576385404
8010870902
2091417575
6721013532
0235762332
1895524200
1177949052
8173710481
2786308504
0667111220
5354636755
0009591669
6581988977
8754097363
4885983184
5985842053
7871982068
0770188577
4425189686
4202451452
0667078198
9549340019
7640084523
0052934952
8351538820
4469521485
0484641247
5257935825
9664210487
4756248104
7159346397
3532103663
3812616912
1053970685
4015792803
0445194314
4300190055
4508776571
2675968440
2647118774
6916779745
1767176671
2140703088
4535014234
2388586072
7835486341
6327217110
1016927665
1055577833
9544087651
5290673847
3149057966
4554442608
6771318939
0019844601
7235136338
5393782540
0427859169
9430055043
8010888751
2155063119
3018908360
8945799562
0761864788
0293823010
2286982394
8522134476
7205095048
6356638067
0245655308
6626007199
0311388558
5787708935
3818005136
3272742873
1982316487
6512779035
5487281806
0134085260
9477842308
3944230298
6336010911
8186706154
8363555111
9478057936
6825141728
7206743154
0198629852
5574608956
8398733044
3818771106
7322298895
5831393333
8765794632
2063721474
8235532883
5731988899
0551269661
0756418865
8636685612
8380944565
6430106198
6994287645
9097695083
7806399404
4199408564
3252082819
5510494461
6883673629
6212746185
3656693876
7019496939
2237885404
9903196795
9720209413
4886424912
7563675803
8891084283
4115320414
1562430081
9991081884
0361879144
1667861351
0513953743
3349034004
9495983127
8687249928
9017648491
5049139318
0815669516
1934277404
1179020546
3631166885
7866258228
3284027136
5131922860
6889077858
9336584691
4462387688
5035495231
7926531176
0634366725
6711975639
5712081991
5124637482
6888818538
7319707747
1941307528
2254665463
6065956831
0314652979
0048954650
5301244747
3838603037
0317932179
3014502524
5369994993
1161528251
6848588880
9999635691
8319687105
5767665833
4681107861
9315061374
2579684851
0573697186
3874748593
0295569578
3309593693
3021108883
8183777772
8970127262
2913721604
6288567626
8674538259
6432996598
8030536617
3147603315
0375672493
0699851788
2308611863
8783332087
2564178680
4775295796
8177928870
7512853832
7977871415
6240520112
8383929288
4379966103
6928334057
5831827829
5577586048
2112828524
8709294615
7555130417
4700689399
4324660635
7524070413
8826738498
2046408819
1834023884
5632355348
0520866297
7943986406
6704615155
3882891388
5573714401
9302513293
7990624015
5943065885
3166312575
7350786024
6216199970
6573398664
4690208913
3929331032
5442042805
0252764499
6731019722
2211874143
3811775321
2044441263
6118336412
5352497338
1736844380
4546075344
7387261441
7878426496
7063415488
3810587411
9348492548
7221535872
2219116100
5674338037
2373109192
8426189964
7127504752
1092372674
3319083586
3169598392
8101015882
3852620019
6238898885
1566758982
7226263846
1833500576
1149304061
3141554884
5887680964
6612574897
6626539167
3713195132
2611208470
9108771650
5616765346
1921026383
6334259419
8801794774
3160282214
4286325502
2183343065
1407677922
0407771242
7824065834
3363839825
8236964041
6546476626
3387327766
1886363658
0589767318
3567798849
1917441427
2536461674
4255829987
8605490452
0485570740
9447101680
8811661979
5173942550
8624732138
5462201375
5405248072
8595997168
3221175762
3354498798
9816768457
4011534662
5364733304
8523567251
6617374936
2585024396
9319678247
1804080688
3255669432
3473049107
9198214145
4473198972
4953705539
1678414758
4864639838
7677840053
3890341920
3048620674
1520424770
1543702317
9978166843
2540097359
1251792456
0507397049
6924221544
1834145794
2034361927
5828267115
1811856998
3304342717
4277891887
8706644831
3605522608
5334342436
5097034903
2936542254
5824191266
3258096788
9203393601
1706310659
5240894844
2003545223
8221978855
6465111288
0564436921
4997221089
5253668213
8881143049
0188646402
8479889977
8090843571
1605969860
8358907321
8036007703
1320874516
3987535359
3002224905
2725101579
0305758856
0968839940
4815362082
0467108567
4452721575
3491496058
1170299520
9139218391
3904263671
0843475776
7846423336
0874968029
8701082856
6416302815
0881385070
2064032225
7034717683
0252556289
4895665654
8265127407
8440531816
3839923226
2824108621
9494670030
8967805763
7047722961
9104425733
8727693022
1901071959
6422981670
0917194226
4699901385
6462053715
1130441397
4439010062
6170783738
2061333462
2645738619
7943241870
4877876196
9817342824
5840546697
4119632621
9114965490
1449991056
7279395409
0152881524
0174606067
6525243224
2964019477
1093128141
3754870178
6755320661
4188642031
1350447177
0701235404
3393096392
8625319706
0835374871
1602663743
2407731357
3381181798
6798179232
3805873085
5174846477
0740890100
4287412966
7274483492
9526371415
4441066425
0619979516
8212403294
5228388577
8663127898
6533732182
4571416478
2733827679
2656504158
1003841381
6330303031
7517722460
8413423183
5226866074
5691712959
9918118638
5749070275
5752332129
3516582511
0804671175
7772532723
9141997811
2220482972
2025677683
6927058980
9081176669
0254773549
3876315623
3253488261
7412199096
7514677337
8508316959
5422301468
3625785087
0621852564
6387173559
9206987920
1910493836
8521155140
3328065743
5080378027
6506351073
6821289354
3463413308
1583685095
7105429520
6609358204
1948769445
9721293140
2890488375
1853859744
9008270637
6499808106
3032122143
1191612159
2225924020
7511626392
5084080833
3220692636
8663280099
8971585930
5735242452
8719484233
6131600131
7677153361
3920640405
9830469739
6965443264
9921465928
5645916697
3536439711
1218383053
1382555060
9604593419
3669418419
0960878363
3485163498
8238065440
2751138327
0142498549
5943001238
4822435890
6581960121
2013590925
8817520318
7132550050
1182004818
9461338504
6759230738
4211541005
9859300914
9809639603
3500184442
6209148768
0654441856
2473739893
1888735647
4267869501
3746138218
5452061702
6276415785
5016074500
6110588076
3648259192
0042208901
2685035057
8782990162
9319438369
3835463247
6653523471
4753613838
2944166930
1387780875
8001294339
3084891361
9782841965
1961072628
0823987213
7977204484
9207841893
2681397906
8070171253
3826403352
5010686143
1140492350
3985226769
9506409810
4016165049
4196651498
5044585222
5058334189
4273512992
1056487072
1196402003
2382128540
6348868742
1588801043
0934679362
7275873710
2381588359
3514184530
4443388748
5391612941
7515219174
7172204100
7915937737
0048187437
8044150349
3376655935
0951684624
2736695612
7871640930
0956541061
0340526523
5339770005
9515126838
9491830072
5780310019
9659458999
4008534107
2644264892
8409773676
8733879493
8720811949
7892354974
5069185310
6421989864
9514737375
7208320590
1710452056
6726443472
4757339018
1494084290
4450112532
9325576463
0356989557
1853088178
9619959686
3735788779
6283624950
8951693007
0236866229
4699888657
1952454852
3502403494
6549376794
7175012814
9217914327
9283011070
6346356562
3306936774
5278247258
6957524565
0169882148
5940364986
7929719719
6227524819
2218398709
4818462979
5582581443
4915808223
8753600202
2840615452
6745141809
9896240474
3502871997
7403681854
1304176783
2946885435
4774959821
2035297220
4344433683
7138107343
1039018656
7600316186
2000094610
8424813332
8212423521
2679336776
8389773923
3777622752
3172443527
5277358333
4979261512
8884080874
7056143300
1601198772
1188302992
9582780405
7806068319
6110251038
0222827948
5784310544
6460966583
3656755005
0966006848
9926296031
7262705108
7676703111
2232084904
1083956885
1847082254
6781919881
6890893613
1032269330
8955062477
3528938977
5722117936
4599071084
4734056743
